Time,Channel A
(us),(mV)

0.00000000,7.18405700
0.04000000,7.18405700
0.08000000,5.38956800
0.12000000,5.38956800
0.16000000,3.58897700
0.20000000,0.00000000
0.24000000,0.00000000
0.28000000,0.00000000
0.32000000,0.00000000
0.36000000,-1.79448800
0.40000000,-1.79448800
0.44000000,-3.58897700
0.48000000,-7.18405700
0.52000000,-5.38956800
0.56000000,-7.18405700
0.60000000,-7.18405700
0.64000000,-8.98464900
0.68000000,-10.77914000
0.72000000,-10.77914000
0.76000000,-10.77914000
0.80000000,-12.57363000
0.83999999,-12.57363000
0.87999999,-14.37422000
0.91999999,-14.37422000
0.95999999,-14.37422000
0.99999999,-14.37422000
1.03999999,-14.37422000
1.07999999,-14.37422000
1.11999999,-14.37422000
1.15999999,-14.37422000
1.19999999,-12.57363000
1.23999999,-12.57363000
1.27999999,-12.57363000
1.31999999,-12.57363000
1.35999999,-10.77914000
1.39999999,-8.98464900
1.43999999,-8.98464900
1.47999999,-7.18405700
1.51999999,-7.18405700
1.55999999,-5.38956800
1.59999999,-5.38956800
1.63999999,-3.58897700
1.67999999,-3.58897700
1.71999999,-1.79448800
1.75999999,0.00000000
1.79999999,0.00000000
1.83999999,0.00000000
1.87999999,0.00000000
1.91999999,3.58897700
1.95999999,1.79448800
1.99999999,5.38956800
2.03999999,5.38956800
2.07999999,5.38956800
2.11999999,7.18405700
2.15999999,7.18405700
2.19999999,7.18405700
2.23999999,7.18405700
2.27999999,7.18405700
2.31999999,7.18405700
2.35999999,7.18405700
2.39999999,7.18405700
2.43999999,7.18405700
2.47999998,7.18405700
2.51999998,7.18405700
2.55999998,7.18405700
2.59999998,7.18405700
2.63999998,5.38956800
2.67999998,5.38956800
2.71999998,5.38956800
2.75999998,3.58897700
2.79999998,3.58897700
2.83999998,1.79448800
2.87999998,0.00000000
2.91999998,0.00000000
2.95999998,0.00000000
2.99999998,-1.79448800
3.03999998,-1.79448800
3.07999998,-3.58897700
3.11999998,-3.58897700
3.15999998,-5.38956800
3.19999998,-5.38956800
3.23999998,-5.38956800
3.27999998,-5.38956800
3.31999998,-5.38956800
3.35999998,-7.18405700
3.39999998,-10.77914000
3.43999998,-10.77914000
3.47999998,-10.77914000
3.51999998,-8.98464900
3.55999998,-10.77914000
3.59999998,-10.77914000
3.63999998,-12.57363000
3.67999998,-12.57363000
3.71999998,-10.77914000
3.75999998,-10.77914000
3.79999998,-12.57363000
3.83999998,-12.57363000
3.87999998,-10.77914000
3.91999998,-8.98464900
3.95999998,-8.98464900
3.99999998,-10.77914000
4.03999998,-10.77914000
4.07999998,-8.98464900
4.11999997,-7.18405700
4.15999997,-7.18405700
4.19999997,-7.18405700
4.23999997,-5.38956800
4.27999997,-3.58897700
4.31999997,-3.58897700
4.35999997,-1.79448800
4.39999997,-1.79448800
4.43999997,0.00000000
4.47999997,0.00000000
4.51999997,0.00000000
4.55999997,0.00000000
4.59999997,1.79448800
4.63999997,1.79448800
4.67999997,3.58897700
4.71999997,3.58897700
4.75999997,3.58897700
4.79999997,5.38956800
4.83999997,5.38956800
4.87999997,5.38956800
4.91999997,5.38956800
4.95999997,5.38956800
4.99999997,7.18405700
5.03999997,5.38956800
5.07999997,7.18405700
5.11999997,7.18405700
5.15999997,-3.58897700
5.19999997,5.38956800
5.23999997,12.57363000
5.27999997,8.98464900
5.31999997,1.79448800
5.35999997,1.79448800
5.39999997,3.58897700
5.43999997,5.38956800
5.47999997,0.00000000
5.51999997,0.00000000
5.55999997,1.79448800
5.59999997,1.79448800
5.63999997,0.00000000
5.67999997,0.00000000
5.71999997,0.00000000
5.75999996,-3.58897700
5.79999996,-5.38956800
5.83999996,-3.58897700
5.87999996,-3.58897700
5.91999996,-7.18405700
5.95999996,-7.18405700
5.99999996,-5.38956800
6.03999996,-7.18405700
6.07999996,-7.18405700
6.11999996,-7.18405700
6.15999996,-7.18405700
6.19999996,-8.98464900
6.23999996,-8.98464900
6.27999996,-8.98464900
6.31999996,-8.98464900
6.35999996,-8.98464900
6.39999996,-8.98464900
6.43999996,-8.98464900
6.47999996,-8.98464900
6.51999996,-10.77914000
6.55999996,-8.98464900
6.59999996,-8.98464900
6.63999996,-8.98464900
6.67999996,-7.18405700
6.71999996,-7.18405700
6.75999996,-7.18405700
6.79999996,-7.18405700
6.83999996,-5.38956800
6.87999996,-5.38956800
6.91999996,-5.38956800
6.95999996,-3.58897700
6.99999996,-3.58897700
7.03999996,-1.79448800
7.07999996,-1.79448800
7.11999996,-1.79448800
7.15999996,0.00000000
7.19999996,0.00000000
7.23999996,0.00000000
7.27999996,0.00000000
7.31999996,1.79448800
7.35999996,1.79448800
7.39999996,1.79448800
7.43999995,3.58897700
7.47999995,3.58897700
7.51999995,3.58897700
7.55999995,5.38956800
7.59999995,5.38956800
7.63999995,3.58897700
7.67999995,5.38956800
7.71999995,5.38956800
7.75999995,5.38956800
7.79999995,3.58897700
7.83999995,3.58897700
7.87999995,3.58897700
7.91999995,3.58897700
7.95999995,3.58897700
7.99999995,3.58897700
8.03999995,3.58897700
8.07999995,1.79448800
8.11999995,1.79448800
8.15999995,1.79448800
8.19999995,0.00000000
8.23999995,0.00000000
8.27999995,1.79448800
8.31999995,0.00000000
8.35999995,-3.58897700
8.39999995,-3.58897700
8.43999995,-1.79448800
8.47999995,-1.79448800
8.51999995,-5.38956800
8.55999995,-5.38956800
8.59999995,-3.58897700
8.63999995,-3.58897700
8.67999995,-7.18405700
8.71999995,-7.18405700
8.75999995,-7.18405700
8.79999995,-7.18405700
8.83999995,-7.18405700
8.87999995,-7.18405700
8.91999995,-7.18405700
8.95999995,-7.18405700
8.99999995,-7.18405700
9.03999995,-7.18405700
9.07999994,-7.18405700
9.11999994,-7.18405700
9.15999994,-7.18405700
9.19999994,-7.18405700
9.23999994,-7.18405700
9.27999994,-7.18405700
9.31999994,-7.18405700
9.35999994,-7.18405700
9.39999994,-7.18405700
9.43999994,-5.38956800
9.47999994,-7.18405700
9.51999994,-5.38956800
9.55999994,-5.38956800
9.59999994,-3.58897700
9.63999994,-3.58897700
9.67999994,-3.58897700
9.71999994,-1.79448800
9.75999994,-1.79448800
9.79999994,0.00000000
9.83999994,0.00000000
9.87999994,0.00000000
9.91999994,0.00000000
9.95999994,0.00000000
9.99999994,0.00000000
10.03999994,-1.79448800
10.07999994,0.00000000
10.11999994,1.79448800
10.15999994,5.38956800
10.19999994,5.38956800
10.23999994,1.79448800
10.27999994,3.58897700
10.31999994,1.79448800
10.35999994,3.58897700
10.39999994,3.58897700
10.43999994,3.58897700
10.47999994,3.58897700
10.51999994,3.58897700
10.55999994,3.58897700
10.59999994,3.58897700
10.63999994,1.79448800
10.67999994,1.79448800
10.71999993,1.79448800
10.75999993,1.79448800
10.79999993,1.79448800
10.83999993,0.00000000
10.87999993,0.00000000
10.91999993,0.00000000
10.95999993,0.00000000
10.99999993,0.00000000
11.03999993,-1.79448800
11.07999993,-1.79448800
11.11999993,-1.79448800
11.15999993,-3.58897700
11.19999993,-3.58897700
11.23999993,-3.58897700
11.27999993,-3.58897700
11.31999993,-3.58897700
11.35999993,-5.38956800
11.39999993,-5.38956800
11.43999993,-5.38956800
11.47999993,-7.18405700
11.51999993,-7.18405700
11.55999993,-7.18405700
11.59999993,-7.18405700
11.63999993,-7.18405700
11.67999993,-7.18405700
11.71999993,-7.18405700
11.75999993,-7.18405700
11.79999993,-7.18405700
11.83999993,-7.18405700
11.87999993,-7.18405700
11.91999993,-7.18405700
11.95999993,-7.18405700
11.99999993,-7.18405700
12.03999993,-7.18405700
12.07999993,-7.18405700
12.11999993,-5.38956800
12.15999993,-5.38956800
12.19999993,-3.58897700
12.23999993,-3.58897700
12.27999993,-3.58897700
12.31999993,-3.58897700
12.35999992,-1.79448800
12.39999992,-1.79448800
12.43999992,-1.79448800
12.47999992,-1.79448800
12.51999992,0.00000000
12.55999992,0.00000000
12.59999992,0.00000000
12.63999992,0.00000000
12.67999992,0.00000000
12.71999992,0.00000000
12.75999992,0.00000000
12.79999992,0.00000000
12.83999992,0.00000000
12.87999992,1.79448800
12.91999992,0.00000000
12.95999992,1.79448800
12.99999992,1.79448800
13.03999992,1.79448800
13.07999992,3.58897700
13.11999992,5.38956800
13.15999992,5.38956800
13.19999992,1.79448800
13.23999992,0.00000000
13.27999992,0.00000000
13.31999992,0.00000000
13.35999992,1.79448800
13.39999992,0.00000000
13.43999992,0.00000000
13.47999992,0.00000000
13.51999992,0.00000000
13.55999992,0.00000000
13.59999992,0.00000000
13.63999992,-1.79448800
13.67999992,0.00000000
13.71999992,0.00000000
13.75999992,0.00000000
13.79999992,-1.79448800
13.83999992,-1.79448800
13.87999992,-3.58897700
13.91999992,-1.79448800
13.95999992,-3.58897700
13.99999991,-3.58897700
14.03999991,-3.58897700
14.07999991,-5.38956800
14.11999991,-5.38956800
14.15999991,-5.38956800
14.19999991,-5.38956800
14.23999991,-5.38956800
14.27999991,-5.38956800
14.31999991,-5.38956800
14.35999991,-7.18405700
14.39999991,-5.38956800
14.43999991,-7.18405700
14.47999991,-7.18405700
14.51999991,-7.18405700
14.55999991,-5.38956800
14.59999991,-5.38956800
14.63999991,-5.38956800
14.67999991,-5.38956800
14.71999991,-5.38956800
14.75999991,-5.38956800
14.79999991,-3.58897700
14.83999991,-3.58897700
14.87999991,-3.58897700
14.91999991,-1.79448800
14.95999991,-1.79448800
14.99999991,-12.57363000
15.03999991,-1.79448800
15.07999991,3.58897700
15.11999991,1.79448800
15.15999991,-3.58897700
15.19999991,-3.58897700
15.23999991,0.00000000
15.27999991,1.79448800
15.31999991,0.00000000
15.35999991,0.00000000
15.39999991,1.79448800
15.43999991,1.79448800
15.47999991,0.00000000
15.51999991,1.79448800
15.55999991,1.79448800
15.59999991,0.00000000
15.63999990,0.00000000
15.67999990,1.79448800
15.71999990,3.58897700
15.75999990,0.00000000
15.79999990,0.00000000
15.83999990,1.79448800
15.87999990,1.79448800
15.91999990,1.79448800
15.95999990,0.00000000
15.99999990,1.79448800
16.03999990,0.00000000
16.07999990,0.00000000
16.11999990,0.00000000
16.15999990,0.00000000
16.19999990,0.00000000
16.23999990,0.00000000
16.27999990,0.00000000
16.31999990,0.00000000
16.35999990,-1.79448800
16.39999990,0.00000000
16.43999990,-1.79448800
16.47999990,-1.79448800
16.51999990,-1.79448800
16.55999990,-1.79448800
16.59999990,-1.79448800
16.63999990,-3.58897700
16.67999990,-3.58897700
16.71999990,-3.58897700
16.75999990,-5.38956800
16.79999990,-5.38956800
16.83999990,-3.58897700
16.87999990,-5.38956800
16.91999990,-5.38956800
16.95999990,-5.38956800
16.99999990,-5.38956800
17.03999990,-5.38956800
17.07999990,-5.38956800
17.11999990,-5.38956800
17.15999990,-5.38956800
17.19999990,-5.38956800
17.23999990,-5.38956800
17.27999989,-5.38956800
17.31999989,-3.58897700
17.35999989,-5.38956800
17.39999989,-5.38956800
17.43999989,-3.58897700
17.47999989,-3.58897700
17.51999989,-3.58897700
17.55999989,-3.58897700
17.59999989,-3.58897700
17.63999989,-3.58897700
17.67999989,-1.79448800
17.71999989,-1.79448800
17.75999989,-1.79448800
17.79999989,0.00000000
17.83999989,-1.79448800
17.87999989,0.00000000
17.91999989,0.00000000
17.95999989,-1.79448800
17.99999989,0.00000000
18.03999989,0.00000000
18.07999989,1.79448800
18.11999989,0.00000000
18.15999989,0.00000000
18.19999989,0.00000000
18.23999989,1.79448800
18.27999989,1.79448800
18.31999989,-1.79448800
18.35999989,-7.18405700
18.39999989,-21.55827000
18.43999989,-32.34352000
18.47999989,-21.55827000
18.51999989,0.00000000
18.55999989,5.38956800
18.59999989,3.58897700
18.63999989,23.35887000
18.67999989,46.71774000
18.71999989,50.31281000
18.75999989,34.13800000
18.79999989,14.37422000
18.83999989,3.58897700
18.87999989,0.00000000
18.91999989,-3.58897700
18.95999988,-17.96930000
18.99999988,-23.35887000
19.03999988,-17.96930000
19.07999988,-5.38956800
19.11999988,-3.58897700
19.15999988,-10.77914000
19.19999988,-14.37422000
19.23999988,-8.98464900
19.27999988,-5.38956800
19.31999988,-7.18405700
19.35999988,-10.77914000
19.39999988,-10.77914000
19.43999988,-7.18405700
19.47999988,-5.38956800
19.51999988,-1.79448800
19.55999988,-1.79448800
19.59999988,0.00000000
19.63999988,5.38956800
19.67999988,8.98464900
19.71999988,12.57363000
19.75999988,7.18405700
19.79999988,3.58897700
19.83999988,0.00000000
19.87999988,-7.18405700
19.91999988,-8.98464900
19.95999988,-12.57363000
19.99999988,-14.37422000
20.03999988,-14.37422000
20.07999988,-12.57363000
20.11999988,-7.18405700
20.15999988,-5.38956800
20.19999988,-1.79448800
20.23999988,-1.79448800
20.27999988,0.00000000
20.31999988,0.00000000
20.35999988,-3.58897700
20.39999988,-3.58897700
20.43999988,-3.58897700
20.47999988,0.00000000
20.51999988,0.00000000
20.55999988,1.79448800
20.59999987,5.38956800
20.63999987,7.18405700
20.67999987,7.18405700
20.71999987,5.38956800
20.75999987,5.38956800
20.79999987,0.00000000
20.83999987,0.00000000
20.87999987,-1.79448800
20.91999987,-3.58897700
20.95999987,-5.38956800
20.99999987,-5.38956800
21.03999987,-3.58897700
21.07999987,-1.79448800
21.11999987,-1.79448800
21.15999987,0.00000000
21.19999987,-1.79448800
21.23999987,0.00000000
21.27999987,0.00000000
21.31999987,1.79448800
21.35999987,1.79448800
21.39999987,1.79448800
21.43999987,1.79448800
21.47999987,0.00000000
21.51999987,0.00000000
21.55999987,0.00000000
21.59999987,0.00000000
21.63999987,1.79448800
21.67999987,0.00000000
21.71999987,1.79448800
21.75999987,0.00000000
21.79999987,0.00000000
21.83999987,-1.79448800
21.87999987,-3.58897700
21.91999987,-7.18405700
21.95999987,-7.18405700
21.99999987,-7.18405700
22.03999987,-5.38956800
22.07999987,-5.38956800
22.11999987,-3.58897700
22.15999987,-1.79448800
22.19999987,-1.79448800
22.23999986,-1.79448800
22.27999986,-1.79448800
22.31999986,-1.79448800
22.35999986,-1.79448800
22.39999986,-3.58897700
22.43999986,-3.58897700
22.47999986,-3.58897700
22.51999986,-1.79448800
22.55999986,-3.58897700
22.59999986,-3.58897700
22.63999986,-1.79448800
22.67999986,-1.79448800
22.71999986,-3.58897700
22.75999986,-3.58897700
22.79999986,-3.58897700
22.83999986,-1.79448800
22.87999986,-1.79448800
22.91999986,-3.58897700
22.95999986,-3.58897700
22.99999986,-5.38956800
23.03999986,-3.58897700
23.07999986,-1.79448800
23.11999986,0.00000000
23.15999986,0.00000000
23.19999986,0.00000000
23.23999986,0.00000000
23.27999986,1.79448800
23.31999986,0.00000000
23.35999986,0.00000000
23.39999986,0.00000000
23.43999986,0.00000000
23.47999986,0.00000000
23.51999986,0.00000000
23.55999986,0.00000000
23.59999986,0.00000000
23.63999986,0.00000000
23.67999986,0.00000000
23.71999986,0.00000000
23.75999986,0.00000000
23.79999986,0.00000000
23.83999986,0.00000000
23.87999985,0.00000000
23.91999985,0.00000000
23.95999985,0.00000000
23.99999985,0.00000000
24.03999985,0.00000000
24.07999985,0.00000000
24.11999985,0.00000000
24.15999985,0.00000000
24.19999985,0.00000000
24.23999985,0.00000000
24.27999985,0.00000000
24.31999985,0.00000000
24.35999985,0.00000000
24.39999985,-1.79448800
24.43999985,0.00000000
24.47999985,-1.79448800
24.51999985,-1.79448800
24.55999985,-1.79448800
24.59999985,-3.58897700
24.63999985,-1.79448800
24.67999985,-1.79448800
24.71999985,-3.58897700
24.75999985,-1.79448800
24.79999985,0.00000000
24.83999985,-10.77914000
24.87999985,-5.38956800
24.91999985,0.00000000
24.95999985,1.79448800
24.99999985,-7.18405700
25.03999985,-5.38956800
25.07999985,-3.58897700
25.11999985,0.00000000
25.15999985,-3.58897700
25.19999985,-3.58897700
25.23999985,-1.79448800
25.27999985,-1.79448800
25.31999985,-3.58897700
25.35999985,-1.79448800
25.39999985,-1.79448800
25.43999985,-3.58897700
25.47999985,-3.58897700
25.51999984,-1.79448800
25.55999984,-1.79448800
25.59999984,-1.79448800
25.63999984,-3.58897700
25.67999984,-1.79448800
25.71999984,-1.79448800
25.75999984,-1.79448800
25.79999984,-1.79448800
25.83999984,-1.79448800
25.87999984,-1.79448800
25.91999984,-1.79448800
25.95999984,-1.79448800
25.99999984,-1.79448800
26.03999984,0.00000000
26.07999984,0.00000000
26.11999984,0.00000000
26.15999984,0.00000000
26.19999984,0.00000000
26.23999984,0.00000000
26.27999984,0.00000000
26.31999984,0.00000000
26.35999984,0.00000000
26.39999984,0.00000000
26.43999984,0.00000000
26.47999984,0.00000000
26.51999984,-1.79448800
26.55999984,0.00000000
26.59999984,0.00000000
26.63999984,0.00000000
26.67999984,0.00000000
26.71999984,0.00000000
26.75999984,0.00000000
26.79999984,0.00000000
26.83999984,0.00000000
26.87999984,0.00000000
26.91999984,0.00000000
26.95999984,0.00000000
26.99999984,0.00000000
27.03999984,0.00000000
27.07999984,0.00000000
27.11999984,0.00000000
27.15999983,0.00000000
27.19999983,-1.79448800
27.23999983,-1.79448800
27.27999983,-1.79448800
27.31999983,-1.79448800
27.35999983,-1.79448800
27.39999983,-1.79448800
27.43999983,-1.79448800
27.47999983,-1.79448800
27.51999983,-1.79448800
27.55999983,-1.79448800
27.59999983,-1.79448800
27.63999983,-1.79448800
27.67999983,-1.79448800
27.71999983,-1.79448800
27.75999983,-3.58897700
27.79999983,-3.58897700
27.83999983,-1.79448800
27.87999983,-1.79448800
27.91999983,-1.79448800
27.95999983,-3.58897700
27.99999983,-3.58897700
28.03999983,-1.79448800
28.07999983,-1.79448800
28.11999983,-3.58897700
28.15999983,-3.58897700
28.19999983,-1.79448800
28.23999983,-1.79448800
28.27999983,-1.79448800
28.31999983,-1.79448800
28.35999983,-1.79448800
28.39999983,-1.79448800
28.43999983,-1.79448800
28.47999983,-1.79448800
28.51999983,-1.79448800
28.55999983,-1.79448800
28.59999983,-1.79448800
28.63999983,-1.79448800
28.67999983,0.00000000
28.71999983,0.00000000
28.75999983,0.00000000
28.79999982,0.00000000
28.83999982,0.00000000
28.87999982,-3.58897700
28.91999982,-10.77914000
28.95999982,-19.76379000
28.99999982,-25.15336000
29.03999982,-26.95395000
29.07999982,-21.55827000
29.11999982,-7.18405700
29.15999982,14.37422000
29.19999982,48.51222000
29.23999982,86.25141000
29.27999982,125.78510000
29.31999982,158.12860000
29.35999982,176.09790000
29.39999982,170.70830000
29.43999982,147.34950000
29.47999982,113.20540000
29.51999982,86.25141000
29.55999982,64.68703000
29.59999982,48.51222000
29.63999982,35.93859000
29.67999982,23.35887000
29.71999982,7.18405700
29.75999982,-8.98464900
29.79999982,-26.95395000
29.83999982,-43.12265000
29.87999982,-61.09195000
29.91999982,-86.25141000
29.95999982,-113.20540000
29.99999982,-143.75440000
30.03999982,-116.80040000
30.07999982,-86.25141000
30.11999982,-71.87719000
30.15999982,-73.67168000
30.19999982,-68.28211000
30.23999982,-57.50298000
30.27999982,-61.09195000
30.31999982,-57.50298000
30.35999982,-55.70238000
30.39999982,-48.51222000
30.43999982,-50.31281000
30.47999981,-52.10730000
30.51999981,-61.09195000
30.55999981,-64.68703000
30.59999981,-73.67168000
30.63999981,-70.07660000
30.67999981,-59.29746000
30.71999981,-44.92325000
30.75999981,-37.73308000
30.79999981,-26.95395000
30.83999981,-16.16870000
30.87999981,-10.77914000
30.91999981,-7.18405700
30.95999981,-1.79448800
30.99999981,0.00000000
31.03999981,8.98464900
31.07999981,16.16870000
31.11999981,35.93859000
31.15999981,57.50298000
31.19999981,82.65633000
31.23999981,107.81580000
31.27999981,125.78510000
31.31999981,129.38020000
31.35999981,122.19000000
31.39999981,115.00600000
31.43999981,115.00600000
31.47999981,111.41090000
31.51999981,104.22070000
31.55999981,100.62560000
31.59999981,93.44157000
31.63999981,88.04590000
31.67999981,82.65633000
31.71999981,75.47227000
31.75999981,75.47227000
31.79999981,75.47227000
31.83999981,79.06125000
31.87999981,79.06125000
31.91999981,75.47227000
31.95999981,68.28211000
31.99999981,57.50298000
32.03999981,50.31281000
32.07999981,44.92325000
32.11999980,34.13800000
32.15999980,21.55827000
32.19999980,0.00000000
32.23999980,-26.95395000
32.27999980,-68.28211000
32.31999980,-98.83114000
32.35999980,-136.56420000
32.39999980,-129.38020000
32.43999980,-104.22070000
32.47999980,-95.23605000
32.51999980,-91.64098000
32.55999980,-79.06125000
32.59999980,-64.68703000
32.63999980,-59.29746000
32.67999980,-50.31281000
32.71999980,-39.52757000
32.75999980,-34.13800000
32.79999980,-35.93859000
32.83999980,-41.32816000
32.87999980,-52.10730000
32.91999980,-59.29746000
32.95999980,-66.48762000
32.99999980,-64.68703000
33.03999980,-53.90789000
33.07999980,-43.12265000
33.11999980,-32.34352000
33.15999980,-17.96930000
33.19999980,-5.38956800
33.23999980,5.38956800
33.27999980,12.57363000
33.31999980,21.55827000
33.35999980,26.95395000
33.39999980,28.74844000
33.43999980,32.34352000
33.47999980,35.93859000
33.51999980,41.32816000
33.55999980,48.51222000
33.59999980,61.09195000
33.63999980,79.06125000
33.67999980,93.44157000
33.71999980,104.22070000
33.75999979,109.61030000
33.79999979,107.81580000
33.83999979,107.81580000
33.87999979,100.62560000
33.91999979,95.23605000
33.95999979,88.04590000
33.99999979,79.06125000
34.03999979,71.87719000
34.07999979,66.48762000
34.11999979,61.09195000
34.15999979,59.29746000
34.19999979,57.50298000
34.23999979,57.50298000
34.27999979,57.50298000
34.31999979,55.70238000
34.35999979,50.31281000
34.39999979,39.52757000
34.43999979,19.76379000
34.47999979,-7.18405700
34.51999979,-37.73308000
34.55999979,-73.67168000
34.59999979,-136.56420000
34.63999979,-123.99060000
34.67999979,-131.17470000
34.71999979,-120.39550000
34.75999979,-113.20540000
34.79999979,-80.86184000
34.83999979,-71.87719000
34.87999979,-61.09195000
34.91999979,-55.70238000
34.95999979,-44.92325000
34.99999979,-34.13800000
35.03999979,-34.13800000
35.07999979,-41.32816000
35.11999979,-44.92325000
35.15999979,-52.10730000
35.19999979,-62.89254000
35.23999979,-68.28211000
35.27999979,-64.68703000
35.31999979,-59.29746000
35.35999979,-48.51222000
35.39999978,-34.13800000
35.43999978,-17.96930000
35.47999978,-7.18405700
35.51999978,3.58897700
35.55999978,12.57363000
35.59999978,21.55827000
35.63999978,26.95395000
35.67999978,32.34352000
35.71999978,39.52757000
35.75999978,48.51222000
35.79999978,57.50298000
35.83999978,71.87719000
35.87999978,84.45692000
35.91999978,91.64098000
35.95999978,88.04590000
35.99999978,82.65633000
36.03999978,79.06125000
36.07999978,73.67168000
36.11999978,66.48762000
36.15999978,62.89254000
36.19999978,59.29746000
36.23999978,55.70238000
36.27999978,50.31281000
36.31999978,46.71774000
36.35999978,46.71774000
36.39999978,48.51222000
36.43999978,50.31281000
36.47999978,52.10730000
36.51999978,55.70238000
36.55999978,55.70238000
36.59999978,52.10730000
36.63999978,48.51222000
36.67999978,46.71774000
36.71999978,41.32816000
36.75999978,39.52757000
36.79999978,35.93859000
36.83999978,30.54292000
36.87999978,25.15336000
36.91999978,19.76379000
36.95999978,14.37422000
36.99999978,7.18405700
37.03999977,3.58897700
37.07999977,-1.79448800
37.11999977,-5.38956800
37.15999977,-10.77914000
37.19999977,-14.37422000
37.23999977,-17.96930000
37.27999977,-21.55827000
37.31999977,-23.35887000
37.35999977,-25.15336000
37.39999977,-25.15336000
37.43999977,-28.74844000
37.47999977,-28.74844000
37.51999977,-32.34352000
37.55999977,-32.34352000
37.59999977,-30.54292000
37.63999977,-28.74844000
37.67999977,-26.95395000
37.71999977,-23.35887000
37.75999977,-21.55827000
37.79999977,-19.76379000
37.83999977,-17.96930000
37.87999977,-16.16870000
37.91999977,-14.37422000
37.95999977,-14.37422000
37.99999977,-14.37422000
38.03999977,-14.37422000
38.07999977,-14.37422000
38.11999977,-12.57363000
38.15999977,-10.77914000
38.19999977,-7.18405700
38.23999977,-1.79448800
38.27999977,3.58897700
38.31999977,7.18405700
38.35999977,12.57363000
38.39999977,16.16870000
38.43999977,21.55827000
38.47999977,21.55827000
38.51999977,21.55827000
38.55999977,26.95395000
38.59999977,28.74844000
38.63999977,28.74844000
38.67999976,28.74844000
38.71999976,34.13800000
38.75999976,37.73308000
38.79999976,39.52757000
38.83999976,39.52757000
38.87999976,41.32816000
38.91999976,43.12265000
38.95999976,43.12265000
38.99999976,41.32816000
39.03999976,37.73308000
39.07999976,35.93859000
39.11999976,34.13800000
39.15999976,30.54292000
39.19999976,28.74844000
39.23999976,26.95395000
39.27999976,26.95395000
39.31999976,23.35887000
39.35999976,23.35887000
39.39999976,21.55827000
39.43999976,19.76379000
39.47999976,17.96930000
39.51999976,14.37422000
39.55999976,8.98464900
39.59999976,7.18405700
39.63999976,3.58897700
39.67999976,3.58897700
39.71999976,0.00000000
39.75999976,-3.58897700
39.79999976,-7.18405700
39.83999976,-8.98464900
39.87999976,-12.57363000
39.91999976,-12.57363000
39.95999976,-16.16870000
39.99999976,-17.96930000
40.03999976,-21.55827000
40.07999976,-21.55827000
40.11999976,-25.15336000
40.15999976,-26.95395000
40.19999976,-26.95395000
40.23999976,-28.74844000
40.27999976,-28.74844000
40.31999975,-28.74844000
40.35999975,-26.95395000
40.39999975,-26.95395000
40.43999975,-25.15336000
40.47999975,-23.35887000
40.51999975,-23.35887000
40.55999975,-21.55827000
40.59999975,-19.76379000
40.63999975,-16.16870000
40.67999975,-14.37422000
40.71999975,-14.37422000
40.75999975,-10.77914000
40.79999975,-8.98464900
40.83999975,-7.18405700
40.87999975,-3.58897700
40.91999975,-1.79448800
40.95999975,0.00000000
40.99999975,3.58897700
41.03999975,5.38956800
41.07999975,7.18405700
41.11999975,8.98464900
41.15999975,12.57363000
41.19999975,14.37422000
41.23999975,16.16870000
41.27999975,17.96930000
41.31999975,19.76379000
41.35999975,21.55827000
41.39999975,23.35887000
41.43999975,25.15336000
41.47999975,25.15336000
41.51999975,26.95395000
41.55999975,26.95395000
41.59999975,28.74844000
41.63999975,26.95395000
41.67999975,26.95395000
41.71999975,26.95395000
41.75999975,26.95395000
41.79999975,25.15336000
41.83999975,23.35887000
41.87999975,23.35887000
41.91999975,21.55827000
41.95999974,19.76379000
41.99999974,17.96930000
42.03999974,14.37422000
42.07999974,14.37422000
42.11999974,10.77914000
42.15999974,8.98464900
42.19999974,7.18405700
42.23999974,5.38956800
42.27999974,3.58897700
42.31999974,0.00000000
42.35999974,-1.79448800
42.39999974,-3.58897700
42.43999974,-5.38956800
42.47999974,-7.18405700
42.51999974,-10.77914000
42.55999974,-12.57363000
42.59999974,-14.37422000
42.63999974,-16.16870000
42.67999974,-17.96930000
42.71999974,-17.96930000
42.75999974,-21.55827000
42.79999974,-21.55827000
42.83999974,-21.55827000
42.87999974,-19.76379000
42.91999974,-19.76379000
42.95999974,-25.15336000
42.99999974,-26.95395000
43.03999974,-23.35887000
43.07999974,-21.55827000
43.11999974,-21.55827000
43.15999974,-21.55827000
43.19999974,-21.55827000
43.23999974,-17.96930000
43.27999974,-16.16870000
43.31999974,-16.16870000
43.35999974,-14.37422000
43.39999974,-12.57363000
43.43999974,-10.77914000
43.47999974,-8.98464900
43.51999974,-7.18405700
43.55999974,-7.18405700
43.59999974,-3.58897700
43.63999973,-1.79448800
43.67999973,0.00000000
43.71999973,1.79448800
43.75999973,3.58897700
43.79999973,7.18405700
43.83999973,8.98464900
43.87999973,10.77914000
43.91999973,12.57363000
43.95999973,14.37422000
43.99999973,14.37422000
44.03999973,16.16870000
44.07999973,16.16870000
44.11999973,17.96930000
44.15999973,17.96930000
44.19999973,17.96930000
44.23999973,19.76379000
44.27999973,19.76379000
44.31999973,19.76379000
44.35999973,17.96930000
44.39999973,19.76379000
44.43999973,17.96930000
44.47999973,21.55827000
44.51999973,16.16870000
44.55999973,5.38956800
44.59999973,17.96930000
44.63999973,21.55827000
44.67999973,14.37422000
44.71999973,7.18405700
44.75999973,5.38956800
44.79999973,8.98464900
44.83999973,7.18405700
44.87999973,3.58897700
44.91999973,1.79448800
44.95999973,1.79448800
44.99999973,-1.79448800
45.03999973,-3.58897700
45.07999973,-5.38956800
45.11999973,-5.38956800
45.15999973,-8.98464900
45.19999973,-10.77914000
45.23999973,-10.77914000
45.27999972,-12.57363000
45.31999972,-14.37422000
45.35999972,-16.16870000
45.39999972,-16.16870000
45.43999972,-17.96930000
45.47999972,-19.76379000
45.51999972,-19.76379000
45.55999972,-17.96930000
45.59999972,-21.55827000
45.63999972,-21.55827000
45.67999972,-19.76379000
45.71999972,-19.76379000
45.75999972,-19.76379000
45.79999972,-17.96930000
45.83999972,-17.96930000
45.87999972,-16.16870000
45.91999972,-16.16870000
45.95999972,-14.37422000
45.99999972,-14.37422000
46.03999972,-12.57363000
46.07999972,-10.77914000
46.11999972,-8.98464900
46.15999972,-8.98464900
46.19999972,-7.18405700
46.23999972,-5.38956800
46.27999972,-3.58897700
46.31999972,-1.79448800
46.35999972,-1.79448800
46.39999972,0.00000000
46.43999972,1.79448800
46.47999972,3.58897700
46.51999972,5.38956800
46.55999972,7.18405700
46.59999972,7.18405700
46.63999972,10.77914000
46.67999972,8.98464900
46.71999972,12.57363000
46.75999972,12.57363000
46.79999972,12.57363000
46.83999972,14.37422000
46.87999972,14.37422000
46.91999971,14.37422000
46.95999971,16.16870000
46.99999971,12.57363000
47.03999971,14.37422000
47.07999971,14.37422000
47.11999971,14.37422000
47.15999971,14.37422000
47.19999971,12.57363000
47.23999971,12.57363000
47.27999971,12.57363000
47.31999971,8.98464900
47.35999971,8.98464900
47.39999971,7.18405700
47.43999971,5.38956800
47.47999971,5.38956800
47.51999971,3.58897700
47.55999971,3.58897700
47.59999971,0.00000000
47.63999971,0.00000000
47.67999971,-1.79448800
47.71999971,-3.58897700
47.75999971,-5.38956800
47.79999971,-7.18405700
47.83999971,-7.18405700
47.87999971,-7.18405700
47.91999971,-8.98464900
47.95999971,-12.57363000
47.99999971,-12.57363000
48.03999971,-12.57363000
48.07999971,-14.37422000
48.11999971,-16.16870000
48.15999971,-14.37422000
48.19999971,-14.37422000
48.23999971,-16.16870000
48.27999971,-17.96930000
48.31999971,-17.96930000
48.35999971,-16.16870000
48.39999971,-16.16870000
48.43999971,-16.16870000
48.47999971,-16.16870000
48.51999971,-14.37422000
48.55999970,-14.37422000
48.59999970,-14.37422000
48.63999970,-12.57363000
48.67999970,-12.57363000
48.71999970,-10.77914000
48.75999970,-8.98464900
48.79999970,-8.98464900
48.83999970,-7.18405700
48.87999970,-7.18405700
48.91999970,-5.38956800
48.95999970,-3.58897700
48.99999970,-3.58897700
49.03999970,-1.79448800
49.07999970,0.00000000
49.11999970,0.00000000
49.15999970,1.79448800
49.19999970,3.58897700
49.23999970,5.38956800
49.27999970,5.38956800
49.31999970,7.18405700
49.35999970,7.18405700
49.39999970,7.18405700
49.43999970,5.38956800
49.47999970,8.98464900
49.51999970,8.98464900
49.55999970,12.57363000
49.59999970,12.57363000
49.63999970,8.98464900
49.67999970,10.77914000
49.71999970,10.77914000
49.75999970,10.77914000
49.79999970,10.77914000
49.83999970,8.98464900
49.87999970,8.98464900
49.91999970,8.98464900
49.95999970,7.18405700
49.99999970,7.18405700
50.03999970,5.38956800
50.07999970,5.38956800
50.11999970,3.58897700
50.15999970,3.58897700
50.19999969,1.79448800
50.23999969,1.79448800
50.27999969,0.00000000
50.31999969,-1.79448800
50.35999969,-3.58897700
50.39999969,-3.58897700
50.43999969,-5.38956800
50.47999969,-5.38956800
50.51999969,-7.18405700
50.55999969,-8.98464900
50.59999969,-8.98464900
50.63999969,-8.98464900
50.67999969,-10.77914000
50.71999969,-10.77914000
50.75999969,-10.77914000
50.79999969,-12.57363000
50.83999969,-12.57363000
50.87999969,-14.37422000
50.91999969,-14.37422000
50.95999969,-14.37422000
50.99999969,-14.37422000
51.03999969,-14.37422000
51.07999969,-14.37422000
51.11999969,-14.37422000
51.15999969,-14.37422000
51.19999969,-14.37422000
51.23999969,-12.57363000
51.27999969,-12.57363000
51.31999969,-10.77914000
51.35999969,-10.77914000
51.39999969,-10.77914000
51.43999969,-8.98464900
51.47999969,-7.18405700
51.51999969,-7.18405700
51.55999969,-7.18405700
51.59999969,-5.38956800
51.63999969,-3.58897700
51.67999969,-1.79448800
51.71999969,-1.79448800
51.75999969,0.00000000
51.79999969,0.00000000
51.83999968,0.00000000
51.87999968,1.79448800
51.91999968,3.58897700
51.95999968,3.58897700
51.99999968,5.38956800
52.03999968,5.38956800
52.07999968,5.38956800
52.11999968,5.38956800
52.15999968,7.18405700
52.19999968,7.18405700
52.23999968,7.18405700
52.27999968,7.18405700
52.31999968,7.18405700
52.35999968,7.18405700
52.39999968,7.18405700
52.43999968,7.18405700
52.47999968,14.37422000
52.51999968,26.95395000
52.55999968,41.32816000
52.59999968,37.73308000
52.63999968,19.76379000
52.67999968,12.57363000
52.71999968,0.00000000
52.75999968,-17.96930000
52.79999968,-41.32816000
52.83999968,-52.10730000
52.87999968,-44.92325000
52.91999968,-26.95395000
52.95999968,-12.57363000
52.99999968,-5.38956800
53.03999968,0.00000000
53.07999968,10.77914000
53.11999968,19.76379000
53.15999968,17.96930000
53.19999968,5.38956800
53.23999968,0.00000000
53.27999968,1.79448800
53.31999968,3.58897700
53.35999968,0.00000000
53.39999968,-3.58897700
53.43999968,-5.38956800
53.47999967,-3.58897700
53.51999967,-3.58897700
53.55999967,-5.38956800
53.59999967,-8.98464900
53.63999967,-10.77914000
53.67999967,-12.57363000
53.71999967,-16.16870000
53.75999967,-19.76379000
53.79999967,-25.15336000
53.83999967,-28.74844000
53.87999967,-28.74844000
53.91999967,-23.35887000
53.95999967,-17.96930000
53.99999967,-12.57363000
54.03999967,-7.18405700
54.07999967,-1.79448800
54.11999967,5.38956800
54.15999967,5.38956800
54.19999967,3.58897700
54.23999967,0.00000000
54.27999967,-1.79448800
54.31999967,0.00000000
54.35999967,-1.79448800
54.39999967,-14.37422000
54.43999967,-3.58897700
54.47999967,5.38956800
54.51999967,5.38956800
54.55999967,0.00000000
54.59999967,-1.79448800
54.63999967,1.79448800
54.67999967,0.00000000
54.71999967,-1.79448800
54.75999967,-5.38956800
54.79999967,-3.58897700
54.83999967,-3.58897700
54.87999967,-1.79448800
54.91999967,3.58897700
54.95999967,7.18405700
54.99999967,7.18405700
55.03999967,10.77914000
55.07999967,12.57363000
55.11999967,12.57363000
55.15999966,10.77914000
55.19999966,8.98464900
55.23999966,7.18405700
55.27999966,7.18405700
55.31999966,5.38956800
55.35999966,5.38956800
55.39999966,3.58897700
55.43999966,1.79448800
55.47999966,0.00000000
55.51999966,0.00000000
55.55999966,-1.79448800
55.59999966,-1.79448800
55.63999966,-1.79448800
55.67999966,-1.79448800
55.71999966,-3.58897700
55.75999966,-5.38956800
55.79999966,-7.18405700
55.83999966,-7.18405700
55.87999966,-7.18405700
55.91999966,-7.18405700
55.95999966,-7.18405700
55.99999966,-5.38956800
56.03999966,-3.58897700
56.07999966,-3.58897700
56.11999966,-3.58897700
56.15999966,-5.38956800
56.19999966,-7.18405700
56.23999966,-7.18405700
56.27999966,-10.77914000
56.31999966,-10.77914000
56.35999966,-12.57363000
56.39999966,-12.57363000
56.43999966,-12.57363000
56.47999966,-12.57363000
56.51999966,-10.77914000
56.55999966,-8.98464900
56.59999966,-8.98464900
56.63999966,-8.98464900
56.67999966,-8.98464900
56.71999966,-8.98464900
56.75999966,-7.18405700
56.79999965,-7.18405700
56.83999965,-7.18405700
56.87999965,-5.38956800
56.91999965,-3.58897700
56.95999965,-1.79448800
56.99999965,-1.79448800
57.03999965,0.00000000
57.07999965,0.00000000
57.11999965,0.00000000
57.15999965,0.00000000
57.19999965,0.00000000
57.23999965,0.00000000
57.27999965,0.00000000
57.31999965,0.00000000
57.35999965,0.00000000
57.39999965,0.00000000
57.43999965,1.79448800
57.47999965,1.79448800
57.51999965,3.58897700
57.55999965,5.38956800
57.59999965,3.58897700
57.63999965,3.58897700
57.67999965,3.58897700
57.71999965,7.18405700
57.75999965,5.38956800
57.79999965,3.58897700
57.83999965,3.58897700
57.87999965,5.38956800
57.91999965,5.38956800
57.95999965,3.58897700
57.99999965,3.58897700
58.03999965,3.58897700
58.07999965,5.38956800
58.11999965,3.58897700
58.15999965,1.79448800
58.19999965,0.00000000
58.23999965,0.00000000
58.27999965,-1.79448800
58.31999965,-1.79448800
58.35999965,-1.79448800
58.39999965,-3.58897700
58.43999964,-3.58897700
58.47999964,-3.58897700
58.51999964,-3.58897700
58.55999964,-5.38956800
58.59999964,-5.38956800
58.63999964,-5.38956800
58.67999964,-7.18405700
58.71999964,-7.18405700
58.75999964,-7.18405700
58.79999964,-7.18405700
58.83999964,-7.18405700
58.87999964,-7.18405700
58.91999964,-7.18405700
58.95999964,-8.98464900
58.99999964,-7.18405700
59.03999964,-8.98464900
59.07999964,-8.98464900
59.11999964,-7.18405700
59.15999964,-7.18405700
59.19999964,-7.18405700
59.23999964,-8.98464900
59.27999964,-12.57363000
59.31999964,-8.98464900
59.35999964,-8.98464900
59.39999964,-5.38956800
59.43999964,-7.18405700
59.47999964,-7.18405700
59.51999964,-7.18405700
59.55999964,-5.38956800
59.59999964,-3.58897700
59.63999964,-3.58897700
59.67999964,-3.58897700
59.71999964,-1.79448800
59.75999964,-1.79448800
59.79999964,-1.79448800
59.83999964,0.00000000
59.87999964,0.00000000
59.91999964,0.00000000
59.95999964,0.00000000
59.99999964,1.79448800
60.03999964,1.79448800
60.07999963,1.79448800
60.11999963,1.79448800
60.15999963,1.79448800
60.19999963,1.79448800
60.23999963,3.58897700
60.27999963,1.79448800
60.31999963,1.79448800
60.35999963,1.79448800
60.39999963,3.58897700
60.43999963,3.58897700
60.47999963,3.58897700
60.51999963,3.58897700
60.55999963,3.58897700
60.59999963,3.58897700
60.63999963,3.58897700
60.67999963,1.79448800
60.71999963,0.00000000
60.75999963,1.79448800
60.79999963,0.00000000
60.83999963,0.00000000
60.87999963,0.00000000
60.91999963,0.00000000
60.95999963,0.00000000
60.99999963,-1.79448800
61.03999963,-1.79448800
61.07999963,-1.79448800
61.11999963,-3.58897700
61.15999963,-3.58897700
61.19999963,-3.58897700
61.23999963,-5.38956800
61.27999963,-5.38956800
61.31999963,-5.38956800
61.35999963,-7.18405700
61.39999963,-7.18405700
61.43999963,-7.18405700
61.47999963,-7.18405700
61.51999963,-7.18405700
61.55999963,-7.18405700
61.59999963,-7.18405700
61.63999963,-7.18405700
61.67999963,-7.18405700
61.71999962,-7.18405700
61.75999962,-7.18405700
61.79999962,-7.18405700
61.83999962,-7.18405700
61.87999962,-7.18405700
61.91999962,-7.18405700
61.95999962,-7.18405700
61.99999962,-7.18405700
62.03999962,-5.38956800
62.07999962,-5.38956800
62.11999962,-7.18405700
62.15999962,-3.58897700
62.19999962,-5.38956800
62.23999962,-3.58897700
62.27999962,-3.58897700
62.31999962,-1.79448800
62.35999962,1.79448800
62.39999962,0.00000000
62.43999962,-3.58897700
62.47999962,-3.58897700
62.51999962,-1.79448800
62.55999962,1.79448800
62.59999962,0.00000000
62.63999962,0.00000000
62.67999962,0.00000000
62.71999962,0.00000000
62.75999962,1.79448800
62.79999962,1.79448800
62.83999962,1.79448800
62.87999962,1.79448800
62.91999962,1.79448800
62.95999962,3.58897700
62.99999962,5.38956800
63.03999962,5.38956800
63.07999962,8.98464900
63.11999962,12.57363000
63.15999962,16.16870000
63.19999962,16.16870000
63.23999962,19.76379000
63.27999962,16.16870000
63.31999962,3.58897700
63.35999961,-10.77914000
63.39999961,-16.16870000
63.43999961,-21.55827000
63.47999961,-30.54292000
63.51999961,-32.34352000
63.55999961,-25.15336000
63.59999961,-14.37422000
63.63999961,-3.58897700
63.67999961,3.58897700
63.71999961,7.18405700
63.75999961,8.98464900
63.79999961,12.57363000
63.83999961,12.57363000
63.87999961,7.18405700
63.91999961,3.58897700
63.95999961,1.79448800
63.99999961,3.58897700
64.03999961,1.79448800
64.07999961,0.00000000
64.11999961,0.00000000
64.15999961,-1.79448800
64.19999961,1.79448800
64.23999961,-10.77914000
64.27999961,-10.77914000
64.31999961,-3.58897700
64.35999961,-5.38956800
64.39999961,-14.37422000
64.43999961,-16.16870000
64.47999961,-19.76379000
64.51999961,-14.37422000
64.55999961,-16.16870000
64.59999961,-12.57363000
64.63999961,-7.18405700
64.67999961,-1.79448800
64.71999961,-1.79448800
64.75999961,1.79448800
64.79999961,3.58897700
64.83999961,3.58897700
64.87999961,0.00000000
64.91999961,0.00000000
64.95999961,0.00000000
64.99999960,-1.79448800
65.03999960,-3.58897700
65.07999960,-1.79448800
65.11999960,-1.79448800
65.15999960,-1.79448800
65.19999960,0.00000000
65.23999960,0.00000000
65.27999960,-1.79448800
65.31999960,-3.58897700
65.35999960,-3.58897700
65.39999960,-5.38956800
65.43999960,-5.38956800
65.47999960,-3.58897700
65.51999960,-3.58897700
65.55999960,0.00000000
65.59999960,1.79448800
65.63999960,3.58897700
65.67999960,5.38956800
65.71999960,5.38956800
65.75999960,7.18405700
65.79999960,7.18405700
65.83999960,5.38956800
65.87999960,5.38956800
65.91999960,5.38956800
65.95999960,1.79448800
65.99999960,1.79448800
66.03999960,0.00000000
66.07999960,0.00000000
66.11999960,0.00000000
66.15999960,0.00000000
66.19999960,0.00000000
66.23999960,-1.79448800
66.27999960,-1.79448800
66.31999960,-1.79448800
66.35999960,-1.79448800
66.39999960,-3.58897700
66.43999960,-3.58897700
66.47999960,-3.58897700
66.51999960,-3.58897700
66.55999960,-3.58897700
66.59999960,-3.58897700
66.63999959,-1.79448800
66.67999959,-1.79448800
66.71999959,0.00000000
66.75999959,-1.79448800
66.79999959,-1.79448800
66.83999959,-1.79448800
66.87999959,-3.58897700
66.91999959,-5.38956800
66.95999959,-5.38956800
66.99999959,-7.18405700
67.03999959,-7.18405700
67.07999959,-7.18405700
67.11999959,-7.18405700
67.15999959,-7.18405700
67.19999959,-7.18405700
67.23999959,-7.18405700
67.27999959,-5.38956800
67.31999959,-5.38956800
67.35999959,-3.58897700
67.39999959,-5.38956800
67.43999959,-5.38956800
67.47999959,-3.58897700
67.51999959,-1.79448800
67.55999959,-3.58897700
67.59999959,-3.58897700
67.63999959,-1.79448800
67.67999959,0.00000000
67.71999959,0.00000000
67.75999959,-1.79448800
67.79999959,-1.79448800
67.83999959,0.00000000
67.87999959,0.00000000
67.91999959,0.00000000
67.95999959,-1.79448800
67.99999959,-1.79448800
68.03999959,-1.79448800
68.07999959,0.00000000
68.11999959,0.00000000
68.15999959,0.00000000
68.19999959,0.00000000
68.23999959,1.79448800
68.27999959,0.00000000
68.31999958,1.79448800
68.35999958,1.79448800
68.39999958,1.79448800
68.43999958,3.58897700
68.47999958,1.79448800
68.51999958,1.79448800
68.55999958,1.79448800
68.59999958,1.79448800
68.63999958,1.79448800
68.67999958,0.00000000
68.71999958,1.79448800
68.75999958,1.79448800
68.79999958,0.00000000
68.83999958,0.00000000
68.87999958,0.00000000
68.91999958,0.00000000
68.95999958,0.00000000
68.99999958,-1.79448800
69.03999958,-1.79448800
69.07999958,-1.79448800
69.11999958,-5.38956800
69.15999958,-3.58897700
69.19999958,-3.58897700
69.23999958,0.00000000
69.27999958,-1.79448800
69.31999958,-1.79448800
69.35999958,-3.58897700
69.39999958,-3.58897700
69.43999958,-3.58897700
69.47999958,-3.58897700
69.51999958,-3.58897700
69.55999958,-3.58897700
69.59999958,-3.58897700
69.63999958,-5.38956800
69.67999958,-5.38956800
69.71999958,-5.38956800
69.75999958,-3.58897700
69.79999958,-5.38956800
69.83999958,-5.38956800
69.87999958,-3.58897700
69.91999958,-5.38956800
69.95999957,-5.38956800
69.99999957,-5.38956800
70.03999957,-3.58897700
70.07999957,-3.58897700
70.11999957,-3.58897700
70.15999957,-3.58897700
70.19999957,-3.58897700
70.23999957,-3.58897700
70.27999957,-3.58897700
70.31999957,-1.79448800
70.35999957,-1.79448800
70.39999957,-1.79448800
70.43999957,0.00000000
70.47999957,0.00000000
70.51999957,0.00000000
70.55999957,0.00000000
70.59999957,0.00000000
70.63999957,0.00000000
70.67999957,0.00000000
70.71999957,0.00000000
70.75999957,0.00000000
70.79999957,0.00000000
70.83999957,0.00000000
70.87999957,0.00000000
70.91999957,0.00000000
70.95999957,0.00000000
70.99999957,0.00000000
71.03999957,0.00000000
71.07999957,0.00000000
71.11999957,0.00000000
71.15999957,1.79448800
71.19999957,0.00000000
71.23999957,0.00000000
71.27999957,0.00000000
71.31999957,0.00000000
71.35999957,0.00000000
71.39999957,0.00000000
71.43999957,0.00000000
71.47999957,0.00000000
71.51999957,0.00000000
71.55999957,0.00000000
71.59999956,0.00000000
71.63999956,0.00000000
71.67999956,0.00000000
71.71999956,-1.79448800
71.75999956,-1.79448800
71.79999956,-1.79448800
71.83999956,-1.79448800
71.87999956,-3.58897700
71.91999956,-1.79448800
71.95999956,-3.58897700
71.99999956,-3.58897700
72.03999956,-3.58897700
72.07999956,-3.58897700
72.11999956,-3.58897700
72.15999956,-1.79448800
72.19999956,0.00000000
72.23999956,-1.79448800
72.27999956,-5.38956800
72.31999956,-5.38956800
72.35999956,-3.58897700
72.39999956,-3.58897700
72.43999956,-3.58897700
72.47999956,-3.58897700
72.51999956,-3.58897700
72.55999956,-3.58897700
72.59999956,-3.58897700
72.63999956,-3.58897700
72.67999956,-5.38956800
72.71999956,-3.58897700
72.75999956,-3.58897700
72.79999956,-1.79448800
72.83999956,-1.79448800
72.87999956,-3.58897700
72.91999956,-1.79448800
72.95999956,-1.79448800
72.99999956,-1.79448800
73.03999956,-1.79448800
73.07999956,-1.79448800
73.11999956,0.00000000
73.15999956,0.00000000
73.19999956,0.00000000
73.23999955,-1.79448800
73.27999955,0.00000000
73.31999955,0.00000000
73.35999955,0.00000000
73.39999955,0.00000000
73.43999955,0.00000000
73.47999955,0.00000000
73.51999955,0.00000000
73.55999955,0.00000000
73.59999955,0.00000000
73.63999955,0.00000000
73.67999955,0.00000000
73.71999955,0.00000000
73.75999955,0.00000000
73.79999955,0.00000000
73.83999955,0.00000000
73.87999955,0.00000000
73.91999955,0.00000000
73.95999955,0.00000000
73.99999955,0.00000000
74.03999955,3.58897700
74.07999955,-3.58897700
74.11999955,-7.18405700
74.15999955,1.79448800
74.19999955,5.38956800
74.23999955,0.00000000
74.27999955,-1.79448800
74.31999955,-3.58897700
74.35999955,0.00000000
74.39999955,0.00000000
74.43999955,-1.79448800
74.47999955,-1.79448800
74.51999955,0.00000000
74.55999955,-1.79448800
74.59999955,-3.58897700
74.63999955,-1.79448800
74.67999955,-3.58897700
74.71999955,-3.58897700
74.75999955,-3.58897700
74.79999955,-1.79448800
74.83999955,-1.79448800
74.87999954,-3.58897700
74.91999954,-3.58897700
74.95999954,-3.58897700
74.99999954,-3.58897700
75.03999954,-3.58897700
75.07999954,-3.58897700
75.11999954,-3.58897700
75.15999954,-3.58897700
75.19999954,-3.58897700
75.23999954,-3.58897700
75.27999954,-1.79448800
75.31999954,-3.58897700
75.35999954,-3.58897700
75.39999954,-1.79448800
75.43999954,-1.79448800
75.47999954,-1.79448800
75.51999954,-3.58897700
75.55999954,-1.79448800
75.59999954,-1.79448800
75.63999954,-1.79448800
75.67999954,-1.79448800
75.71999954,-1.79448800
75.75999954,-1.79448800
75.79999954,-1.79448800
75.83999954,-1.79448800
75.87999954,0.00000000
75.91999954,-1.79448800
75.95999954,-1.79448800
75.99999954,0.00000000
76.03999954,0.00000000
76.07999954,0.00000000
76.11999954,0.00000000
76.15999954,0.00000000
76.19999954,0.00000000
76.23999954,0.00000000
76.27999954,0.00000000
76.31999954,0.00000000
76.35999954,0.00000000
76.39999954,0.00000000
76.43999954,0.00000000
76.47999954,0.00000000
76.51999953,0.00000000
76.55999953,0.00000000
76.59999953,0.00000000
76.63999953,0.00000000
76.67999953,0.00000000
76.71999953,0.00000000
76.75999953,0.00000000
76.79999953,0.00000000
76.83999953,-1.79448800
76.87999953,0.00000000
76.91999953,0.00000000
76.95999953,0.00000000
76.99999953,0.00000000
77.03999953,-1.79448800
77.07999953,-1.79448800
77.11999953,0.00000000
77.15999953,-1.79448800
77.19999953,-1.79448800
77.23999953,-3.58897700
77.27999953,0.00000000
77.31999953,-1.79448800
77.35999953,-3.58897700
77.39999953,-3.58897700
77.43999953,-1.79448800
77.47999953,-1.79448800
77.51999953,-3.58897700
77.55999953,-3.58897700
77.59999953,-3.58897700
77.63999953,-1.79448800
77.67999953,-3.58897700
77.71999953,-3.58897700
77.75999953,-3.58897700
77.79999953,-3.58897700
77.83999953,-3.58897700
77.87999953,-1.79448800
77.91999953,-3.58897700
77.95999953,-3.58897700
77.99999953,-1.79448800
78.03999953,-1.79448800
78.07999953,-1.79448800
78.11999953,-1.79448800
78.15999952,-1.79448800
78.19999952,-1.79448800
78.23999952,-1.79448800
78.27999952,-1.79448800
78.31999952,-1.79448800
78.35999952,-1.79448800
78.39999952,-1.79448800
78.43999952,-1.79448800
78.47999952,-1.79448800
78.51999952,-1.79448800
78.55999952,-1.79448800
78.59999952,-1.79448800
78.63999952,-1.79448800
78.67999952,0.00000000
78.71999952,0.00000000
78.75999952,0.00000000
78.79999952,0.00000000
78.83999952,0.00000000
78.87999952,0.00000000
78.91999952,0.00000000
78.95999952,-1.79448800
78.99999952,-5.38956800
79.03999952,-7.18405700
79.07999952,-3.58897700
79.11999952,-1.79448800
79.15999952,7.18405700
79.19999952,21.55827000
79.23999952,50.31281000
79.27999952,86.25141000
79.31999952,123.99060000
79.35999952,152.73900000
79.39999952,156.33410000
79.43999952,136.56420000
79.47999952,116.80040000
79.51999952,95.23605000
79.55999952,80.86184000
79.59999952,62.89254000
79.63999952,46.71774000
79.67999952,34.13800000
79.71999952,19.76379000
79.75999952,1.79448800
79.79999952,-17.96930000
79.83999951,-37.73308000
79.87999951,-57.50298000
79.91999951,-84.45692000
79.95999951,-111.41090000
79.99999951,-115.00600000
80.03999951,-115.00600000
80.07999951,-71.87719000
80.11999951,-79.06125000
80.15999951,-77.26676000
80.19999951,-80.86184000
80.23999951,-71.87719000
80.27999951,-75.47227000
80.31999951,-73.67168000
80.35999951,-64.68703000
80.39999951,-57.50298000
80.43999951,-55.70238000
80.47999951,-52.10730000
80.51999951,-55.70238000
80.55999951,-59.29746000
80.59999951,-64.68703000
80.63999951,-62.89254000
80.67999951,-52.10730000
80.71999951,-44.92325000
80.75999951,-34.13800000
80.79999951,-25.15336000
80.83999951,-14.37422000
80.87999951,-8.98464900
80.91999951,-5.38956800
80.95999951,-1.79448800
80.99999951,1.79448800
81.03999951,7.18405700
81.07999951,16.16870000
81.11999951,32.34352000
81.15999951,50.31281000
81.19999951,73.67168000
81.23999951,98.83114000
81.27999951,115.00600000
81.31999951,120.39550000
81.35999951,120.39550000
81.39999951,118.59490000
81.43999951,118.59490000
81.47999950,111.41090000
81.51999950,109.61030000
81.55999950,104.22070000
81.59999950,95.23605000
81.63999950,86.25141000
81.67999950,75.47227000
81.71999950,73.67168000
81.75999950,73.67168000
81.79999950,75.47227000
81.83999950,77.26676000
81.87999950,79.06125000
81.91999950,71.87719000
81.95999950,66.48762000
81.99999950,57.50298000
82.03999950,50.31281000
82.07999950,44.92325000
82.11999950,35.93859000
82.15999950,21.55827000
82.19999950,-1.79448800
82.23999950,-34.13800000
82.27999950,-68.28211000
82.31999950,-129.38020000
82.35999950,-123.99060000
82.39999950,-127.57960000
82.43999950,-102.42620000
82.47999950,-100.62560000
82.51999950,-84.45692000
82.55999950,-75.47227000
82.59999950,-66.48762000
82.63999950,-55.70238000
82.67999950,-50.31281000
82.71999950,-37.73308000
82.75999950,-35.93859000
82.79999950,-39.52757000
82.83999950,-46.71774000
82.87999950,-55.70238000
82.91999950,-62.89254000
82.95999950,-66.48762000
82.99999950,-61.09195000
83.03999950,-52.10730000
83.07999950,-43.12265000
83.11999949,-32.34352000
83.15999949,-16.16870000
83.19999949,-5.38956800
83.23999949,3.58897700
83.27999949,14.37422000
83.31999949,21.55827000
83.35999949,25.15336000
83.39999949,28.74844000
83.43999949,30.54292000
83.47999949,35.93859000
83.51999949,44.92325000
83.55999949,53.90789000
83.59999949,57.50298000
83.63999949,73.67168000
83.67999949,91.64098000
83.71999949,107.81580000
83.75999949,111.41090000
83.79999949,106.01520000
83.83999949,107.81580000
83.87999949,106.01520000
83.91999949,95.23605000
83.95999949,79.06125000
83.99999949,79.06125000
84.03999949,73.67168000
84.07999949,70.07660000
84.11999949,59.29746000
84.15999949,57.50298000
84.19999949,59.29746000
84.23999949,59.29746000
84.27999949,57.50298000
84.31999949,57.50298000
84.35999949,53.90789000
84.39999949,43.12265000
84.43999949,23.35887000
84.47999949,-1.79448800
84.51999949,-39.52757000
84.55999949,-73.67168000
84.59999949,-113.20540000
84.63999949,-131.17470000
84.67999949,-125.78510000
84.71999949,-118.59490000
84.75999948,-113.20540000
84.79999948,-95.23605000
84.83999948,-80.86184000
84.87999948,-70.07660000
84.91999948,-57.50298000
84.95999948,-46.71774000
84.99999948,-37.73308000
85.03999948,-37.73308000
85.07999948,-39.52757000
85.11999948,-46.71774000
85.15999948,-53.90789000
85.19999948,-64.68703000
85.23999948,-68.28211000
85.27999948,-64.68703000
85.31999948,-59.29746000
85.35999948,-48.51222000
85.39999948,-35.93859000
85.43999948,-21.55827000
85.47999948,-7.18405700
85.51999948,3.58897700
85.55999948,14.37422000
85.59999948,21.55827000
85.63999948,25.15336000
85.67999948,30.54292000
85.71999948,37.73308000
85.75999948,44.92325000
85.79999948,55.70238000
85.83999948,68.28211000
85.87999948,80.86184000
85.91999948,89.84650000
85.95999948,89.84650000
85.99999948,84.45692000
86.03999948,79.06125000
86.07999948,73.67168000
86.11999948,70.07660000
86.15999948,64.68703000
86.19999948,59.29746000
86.23999948,55.70238000
86.27999948,52.10730000
86.31999948,48.51222000
86.35999948,48.51222000
86.39999947,48.51222000
86.43999947,50.31281000
86.47999947,53.90789000
86.51999947,55.70238000
86.55999947,55.70238000
86.59999947,53.90789000
86.63999947,50.31281000
86.67999947,48.51222000
86.71999947,43.12265000
86.75999947,39.52757000
86.79999947,35.93859000
86.83999947,32.34352000
86.87999947,25.15336000
86.91999947,21.55827000
86.95999947,14.37422000
86.99999947,8.98464900
87.03999947,3.58897700
87.07999947,0.00000000
87.11999947,-5.38956800
87.15999947,-10.77914000
87.19999947,-14.37422000
87.23999947,-19.76379000
87.27999947,-21.55827000
87.31999947,-23.35887000
87.35999947,-25.15336000
87.39999947,-28.74844000
87.43999947,-30.54292000
87.47999947,-30.54292000
87.51999947,-32.34352000
87.55999947,-34.13800000
87.59999947,-32.34352000
87.63999947,-30.54292000
87.67999947,-26.95395000
87.71999947,-23.35887000
87.75999947,-21.55827000
87.79999947,-23.35887000
87.83999947,-17.96930000
87.87999947,-16.16870000
87.91999947,-16.16870000
87.95999947,-16.16870000
87.99999947,-14.37422000
88.03999946,-14.37422000
88.07999946,-14.37422000
88.11999946,-14.37422000
88.15999946,-12.57363000
88.19999946,-7.18405700
88.23999946,-1.79448800
88.27999946,1.79448800
88.31999946,7.18405700
88.35999946,12.57363000
88.39999946,16.16870000
88.43999946,19.76379000
88.47999946,23.35887000
88.51999946,23.35887000
88.55999946,26.95395000
88.59999946,28.74844000
88.63999946,28.74844000
88.67999946,30.54292000
88.71999946,34.13800000
88.75999946,35.93859000
88.79999946,39.52757000
88.83999946,37.73308000
88.87999946,43.12265000
88.91999946,41.32816000
88.95999946,44.92325000
88.99999946,43.12265000
89.03999946,39.52757000
89.07999946,35.93859000
89.11999946,34.13800000
89.15999946,32.34352000
89.19999946,30.54292000
89.23999946,28.74844000
89.27999946,26.95395000
89.31999946,25.15336000
89.35999946,23.35887000
89.39999946,21.55827000
89.43999946,19.76379000
89.47999946,17.96930000
89.51999946,16.16870000
89.55999946,12.57363000
89.59999946,8.98464900
89.63999946,5.38956800
89.67999945,1.79448800
89.71999945,-1.79448800
89.75999945,-5.38956800
89.79999945,-7.18405700
89.83999945,-8.98464900
89.87999945,-12.57363000
89.91999945,-14.37422000
89.95999945,-17.96930000
89.99999945,-19.76379000
90.03999945,-21.55827000
90.07999945,-23.35887000
90.11999945,-25.15336000
90.15999945,-26.95395000
90.19999945,-28.74844000
90.23999945,-28.74844000
90.27999945,-28.74844000
90.31999945,-28.74844000
90.35999945,-28.74844000
90.39999945,-28.74844000
90.43999945,-25.15336000
90.47999945,-25.15336000
90.51999945,-23.35887000
90.55999945,-21.55827000
90.59999945,-21.55827000
90.63999945,-17.96930000
90.67999945,-16.16870000
90.71999945,-14.37422000
90.75999945,-10.77914000
90.79999945,-8.98464900
90.83999945,-7.18405700
90.87999945,-5.38956800
90.91999945,-3.58897700
90.95999945,0.00000000
90.99999945,1.79448800
91.03999945,5.38956800
91.07999945,7.18405700
91.11999945,8.98464900
91.15999945,12.57363000
91.19999945,14.37422000
91.23999945,16.16870000
91.27999945,17.96930000
91.31999945,19.76379000
91.35999944,21.55827000
91.39999944,23.35887000
91.43999944,25.15336000
91.47999944,26.95395000
91.51999944,26.95395000
91.55999944,28.74844000
91.59999944,28.74844000
91.63999944,28.74844000
91.67999944,28.74844000
91.71999944,26.95395000
91.75999944,26.95395000
91.79999944,26.95395000
91.83999944,25.15336000
91.87999944,23.35887000
91.91999944,21.55827000
91.95999944,21.55827000
91.99999944,19.76379000
92.03999944,16.16870000
92.07999944,14.37422000
92.11999944,12.57363000
92.15999944,8.98464900
92.19999944,7.18405700
92.23999944,7.18405700
92.27999944,7.18405700
92.31999944,0.00000000
92.35999944,-5.38956800
92.39999944,-5.38956800
92.43999944,-3.58897700
92.47999944,-7.18405700
92.51999944,-12.57363000
92.55999944,-14.37422000
92.59999944,-14.37422000
92.63999944,-14.37422000
92.67999944,-17.96930000
92.71999944,-21.55827000
92.75999944,-21.55827000
92.79999944,-21.55827000
92.83999944,-21.55827000
92.87999944,-23.35887000
92.91999944,-25.15336000
92.95999944,-23.35887000
92.99999943,-25.15336000
93.03999943,-23.35887000
93.07999943,-23.35887000
93.11999943,-23.35887000
93.15999943,-23.35887000
93.19999943,-21.55827000
93.23999943,-19.76379000
93.27999943,-17.96930000
93.31999943,-16.16870000
93.35999943,-14.37422000
93.39999943,-12.57363000
93.43999943,-10.77914000
93.47999943,-10.77914000
93.51999943,-7.18405700
93.55999943,-7.18405700
93.59999943,-3.58897700
93.63999943,-1.79448800
93.67999943,1.79448800
93.71999943,10.77914000
93.75999943,17.96930000
93.79999943,12.57363000
93.83999943,26.95395000
93.87999943,35.93859000
93.91999943,26.95395000
93.95999943,8.98464900
93.99999943,-1.79448800
94.03999943,-5.38956800
94.07999943,-10.77914000
94.11999943,-17.96930000
94.15999943,-16.16870000
94.19999943,-7.18405700
94.23999943,7.18405700
94.27999943,17.96930000
94.31999943,25.15336000
94.35999943,28.74844000
94.39999943,32.34352000
94.43999943,35.93859000
94.47999943,34.13800000
94.51999943,28.74844000
94.55999943,25.15336000
94.59999943,25.15336000
94.63999942,25.15336000
94.67999942,21.55827000
94.71999942,17.96930000
94.75999942,14.37422000
94.79999942,12.57363000
94.83999942,10.77914000
94.87999942,5.38956800
94.91999942,1.79448800
94.95999942,-1.79448800
94.99999942,-5.38956800
95.03999942,-8.98464900
95.07999942,-14.37422000
95.11999942,-17.96930000
95.15999942,-21.55827000
95.19999942,-19.76379000
95.23999942,-17.96930000
95.27999942,-14.37422000
95.31999942,-12.57363000
95.35999942,-8.98464900
95.39999942,-7.18405700
95.43999942,-7.18405700
95.47999942,-10.77914000
95.51999942,-14.37422000
95.55999942,-16.16870000
95.59999942,-19.76379000
95.63999942,-21.55827000
95.67999942,-21.55827000
95.71999942,-21.55827000
95.75999942,-21.55827000
95.79999942,-19.76379000
95.83999942,-17.96930000
95.87999942,-17.96930000
95.91999942,-19.76379000
95.95999942,-21.55827000
95.99999942,-21.55827000
96.03999942,-21.55827000
96.07999942,-19.76379000
96.11999942,-17.96930000
96.15999942,-14.37422000
96.19999942,-8.98464900
96.23999942,-5.38956800
96.27999941,-1.79448800
96.31999941,0.00000000
96.35999941,3.58897700
96.39999941,5.38956800
96.43999941,7.18405700
96.47999941,7.18405700
96.51999941,7.18405700
96.55999941,8.98464900
96.59999941,10.77914000
96.63999941,10.77914000
96.67999941,10.77914000
96.71999941,10.77914000
96.75999941,12.57363000
96.79999941,10.77914000
96.83999941,12.57363000
96.87999941,12.57363000
96.91999941,14.37422000
96.95999941,14.37422000
96.99999941,14.37422000
97.03999941,12.57363000
97.07999941,12.57363000
97.11999941,12.57363000
97.15999941,14.37422000
97.19999941,10.77914000
97.23999941,12.57363000
97.27999941,14.37422000
97.31999941,14.37422000
97.35999941,12.57363000
97.39999941,10.77914000
97.43999941,10.77914000
97.47999941,8.98464900
97.51999941,3.58897700
97.55999941,0.00000000
97.59999941,0.00000000
97.63999941,-1.79448800
97.67999941,-3.58897700
97.71999941,-5.38956800
97.75999941,-7.18405700
97.79999941,-7.18405700
97.83999941,-8.98464900
97.87999941,-8.98464900
97.91999940,-10.77914000
97.95999940,-12.57363000
97.99999940,-14.37422000
98.03999940,-14.37422000
98.07999940,-14.37422000
98.11999940,-14.37422000
98.15999940,-14.37422000
98.19999940,-14.37422000
98.23999940,-16.16870000
98.27999940,-14.37422000
98.31999940,-16.16870000
98.35999940,-16.16870000
98.39999940,-14.37422000
98.43999940,-16.16870000
98.47999940,-14.37422000
98.51999940,-16.16870000
98.55999940,-14.37422000
98.59999940,-14.37422000
98.63999940,-14.37422000
98.67999940,-17.96930000
98.71999940,-14.37422000
98.75999940,-12.57363000
98.79999940,-8.98464900
98.83999940,-7.18405700
98.87999940,-7.18405700
98.91999940,-5.38956800
98.95999940,-5.38956800
98.99999940,-1.79448800
99.03999940,0.00000000
99.07999940,0.00000000
99.11999940,1.79448800
99.15999940,3.58897700
99.19999940,5.38956800
99.23999940,5.38956800
99.27999940,7.18405700
99.31999940,7.18405700
99.35999940,7.18405700
99.39999940,8.98464900
99.43999940,8.98464900
99.47999940,10.77914000
99.51999940,10.77914000
99.55999939,8.98464900
99.59999939,10.77914000
99.63999939,10.77914000
99.67999939,10.77914000
99.71999939,10.77914000
99.75999939,10.77914000
99.79999939,10.77914000
99.83999939,8.98464900
99.87999939,8.98464900
99.91999939,8.98464900
99.95999939,8.98464900
99.99999939,7.18405700
100.03999939,7.18405700
100.07999939,5.38956800
100.11999939,5.38956800
100.15999939,3.58897700
100.19999939,3.58897700
100.23999939,1.79448800
100.27999939,0.00000000
100.31999939,0.00000000
100.35999939,-1.79448800
100.39999939,-3.58897700
100.43999939,-3.58897700
100.47999939,-5.38956800
100.51999939,-7.18405700
100.55999939,-8.98464900
100.59999939,-8.98464900
100.63999939,-10.77914000
100.67999939,-12.57363000
100.71999939,-12.57363000
100.75999939,-14.37422000
100.79999939,-14.37422000
100.83999939,-14.37422000
100.87999939,-14.37422000
100.91999939,-14.37422000
100.95999939,-14.37422000
100.99999939,-14.37422000
101.03999939,-14.37422000
101.07999939,-14.37422000
101.11999939,-14.37422000
101.15999939,-14.37422000
101.19999938,-14.37422000
101.23999938,-12.57363000
101.27999938,-12.57363000
101.31999938,-10.77914000
101.35999938,-10.77914000
101.39999938,-8.98464900
101.43999938,-8.98464900
101.47999938,-7.18405700
101.51999938,-7.18405700
101.55999938,-7.18405700
101.59999938,-7.18405700
101.63999938,-5.38956800
101.67999938,-3.58897700
101.71999938,-3.58897700
101.75999938,-1.79448800
101.79999938,0.00000000
101.83999938,1.79448800
101.87999938,3.58897700
101.91999938,7.18405700
101.95999938,3.58897700
101.99999938,1.79448800
102.03999938,5.38956800
102.07999938,7.18405700
102.11999938,8.98464900
102.15999938,7.18405700
102.19999938,5.38956800
102.23999938,7.18405700
102.27999938,8.98464900
102.31999938,8.98464900
102.35999938,7.18405700
102.39999938,7.18405700
102.43999938,7.18405700
102.47999938,7.18405700
102.51999938,7.18405700
102.55999938,7.18405700
102.59999938,5.38956800
102.63999938,5.38956800
102.67999938,5.38956800
102.71999938,5.38956800
102.75999938,3.58897700
102.79999938,3.58897700
102.83999937,1.79448800
102.87999937,1.79448800
102.91999937,0.00000000
102.95999937,0.00000000
102.99999937,0.00000000
103.03999937,-1.79448800
103.07999937,-3.58897700
103.11999937,-3.58897700
103.15999937,-5.38956800
103.19999937,-7.18405700
103.23999937,-7.18405700
103.27999937,-7.18405700
103.31999937,-8.98464900
103.35999937,-8.98464900
103.39999937,-8.98464900
103.43999937,-10.77914000
103.47999937,-10.77914000
103.51999937,-10.77914000
103.55999937,-8.98464900
103.59999937,-12.57363000
103.63999937,-21.55827000
103.67999937,-10.77914000
103.71999937,-5.38956800
103.75999937,-10.77914000
103.79999937,-14.37422000
103.83999937,-14.37422000
103.87999937,-8.98464900
103.91999937,-8.98464900
103.95999937,-10.77914000
103.99999937,-10.77914000
104.03999937,-8.98464900
104.07999937,-7.18405700
104.11999937,-8.98464900
104.15999937,-7.18405700
104.19999937,-5.38956800
104.23999937,-7.18405700
104.27999937,-5.38956800
104.31999937,-3.58897700
104.35999937,-1.79448800
104.39999937,-3.58897700
104.43999937,-1.79448800
104.47999937,0.00000000
104.51999936,0.00000000
104.55999936,1.79448800
104.59999936,0.00000000
104.63999936,1.79448800
104.67999936,3.58897700
104.71999936,3.58897700
104.75999936,5.38956800
104.79999936,5.38956800
104.83999936,5.38956800
104.87999936,5.38956800
104.91999936,5.38956800
104.95999936,7.18405700
104.99999936,5.38956800
105.03999936,7.18405700
105.07999936,7.18405700
105.11999936,5.38956800
105.15999936,5.38956800
105.19999936,7.18405700
105.23999936,5.38956800
105.27999936,5.38956800
105.31999936,3.58897700
105.35999936,3.58897700
105.39999936,3.58897700
105.43999936,1.79448800
105.47999936,1.79448800
105.51999936,1.79448800
105.55999936,0.00000000
105.59999936,0.00000000
105.63999936,0.00000000
105.67999936,-1.79448800
105.71999936,-1.79448800
105.75999936,-3.58897700
105.79999936,-3.58897700
105.83999936,-3.58897700
105.87999936,-5.38956800
105.91999936,-7.18405700
105.95999936,-7.18405700
105.99999936,-7.18405700
106.03999936,-7.18405700
106.07999936,-8.98464900
106.11999936,-8.98464900
106.15999935,-8.98464900
106.19999935,-8.98464900
106.23999935,-10.77914000
106.27999935,-8.98464900
106.31999935,-10.77914000
106.35999935,-8.98464900
106.39999935,-8.98464900
106.43999935,-8.98464900
106.47999935,-8.98464900
106.51999935,-8.98464900
106.55999935,-8.98464900
106.59999935,-8.98464900
106.63999935,-8.98464900
106.67999935,-8.98464900
106.71999935,-7.18405700
106.75999935,-7.18405700
106.79999935,-7.18405700
106.83999935,-3.58897700
106.87999935,-5.38956800
106.91999935,-7.18405700
106.95999935,-3.58897700
106.99999935,-1.79448800
107.03999935,-3.58897700
107.07999935,-3.58897700
107.11999935,-1.79448800
107.15999935,0.00000000
107.19999935,0.00000000
107.23999935,0.00000000
107.27999935,0.00000000
107.31999935,0.00000000
107.35999935,3.58897700
107.39999935,1.79448800
107.43999935,3.58897700
107.47999935,3.58897700
107.51999935,3.58897700
107.55999935,5.38956800
107.59999935,5.38956800
107.63999935,3.58897700
107.67999935,5.38956800
107.71999935,3.58897700
107.75999935,5.38956800
107.79999934,3.58897700
107.83999934,3.58897700
107.87999934,3.58897700
107.91999934,5.38956800
107.95999934,5.38956800
107.99999934,3.58897700
108.03999934,1.79448800
108.07999934,1.79448800
108.11999934,1.79448800
108.15999934,0.00000000
108.19999934,0.00000000
108.23999934,0.00000000
108.27999934,0.00000000
108.31999934,0.00000000
108.35999934,-1.79448800
108.39999934,-1.79448800
108.43999934,-3.58897700
108.47999934,-3.58897700
108.51999934,-7.18405700
108.55999934,-5.38956800
108.59999934,-7.18405700
108.63999934,-3.58897700
108.67999934,-5.38956800
108.71999934,-7.18405700
108.75999934,-7.18405700
108.79999934,-7.18405700
108.83999934,-7.18405700
108.87999934,-7.18405700
108.91999934,-8.98464900
108.95999934,-8.98464900
108.99999934,-8.98464900
109.03999934,-8.98464900
109.07999934,-7.18405700
109.11999934,-8.98464900
109.15999934,-8.98464900
109.19999934,-8.98464900
109.23999934,-7.18405700
109.27999934,-7.18405700
109.31999934,-7.18405700
109.35999934,-7.18405700
109.39999934,-7.18405700
109.43999933,-7.18405700
109.47999933,-5.38956800
109.51999933,-5.38956800
109.55999933,-5.38956800
109.59999933,-5.38956800
109.63999933,-3.58897700
109.67999933,-3.58897700
109.71999933,-1.79448800
109.75999933,-1.79448800
109.79999933,-1.79448800
109.83999933,0.00000000
109.87999933,0.00000000
109.91999933,0.00000000
109.95999933,0.00000000
109.99999933,0.00000000
110.03999933,1.79448800
110.07999933,1.79448800
110.11999933,3.58897700
110.15999933,3.58897700
110.19999933,3.58897700
110.23999933,3.58897700
110.27999933,3.58897700
110.31999933,3.58897700
110.35999933,3.58897700
110.39999933,3.58897700
110.43999933,3.58897700
110.47999933,3.58897700
110.51999933,3.58897700
110.55999933,1.79448800
110.59999933,3.58897700
110.63999933,1.79448800
110.67999933,1.79448800
110.71999933,1.79448800
110.75999933,1.79448800
110.79999933,0.00000000
110.83999933,0.00000000
110.87999933,0.00000000
110.91999933,0.00000000
110.95999933,-1.79448800
110.99999933,0.00000000
111.03999933,-1.79448800
111.07999932,-1.79448800
111.11999932,-1.79448800
111.15999932,-3.58897700
111.19999932,-3.58897700
111.23999932,-3.58897700
111.27999932,-3.58897700
111.31999932,-5.38956800
111.35999932,-7.18405700
111.39999932,-7.18405700
111.43999932,-7.18405700
111.47999932,-7.18405700
111.51999932,-7.18405700
111.55999932,-7.18405700
111.59999932,-5.38956800
111.63999932,-3.58897700
111.67999932,-7.18405700
111.71999932,-10.77914000
111.75999932,-8.98464900
111.79999932,-5.38956800
111.83999932,-5.38956800
111.87999932,-7.18405700
111.91999932,-7.18405700
111.95999932,-7.18405700
111.99999932,-7.18405700
112.03999932,-5.38956800
112.07999932,-7.18405700
112.11999932,-7.18405700
112.15999932,-5.38956800
112.19999932,-3.58897700
112.23999932,-3.58897700
112.27999932,-3.58897700
112.31999932,-1.79448800
112.35999932,-1.79448800
112.39999932,-1.79448800
112.43999932,-1.79448800
112.47999932,-1.79448800
112.51999932,-1.79448800
112.55999932,0.00000000
112.59999932,0.00000000
112.63999932,0.00000000
112.67999932,1.79448800
112.71999931,1.79448800
112.75999931,1.79448800
112.79999931,1.79448800
112.83999931,1.79448800
112.87999931,1.79448800
112.91999931,1.79448800
112.95999931,1.79448800
112.99999931,1.79448800
113.03999931,1.79448800
113.07999931,1.79448800
113.11999931,1.79448800
113.15999931,3.58897700
113.19999931,1.79448800
113.23999931,1.79448800
113.27999931,1.79448800
113.31999931,1.79448800
113.35999931,1.79448800
113.39999931,1.79448800
113.43999931,3.58897700
113.47999931,-7.18405700
113.51999931,0.00000000
113.55999931,5.38956800
113.59999931,3.58897700
113.63999931,-1.79448800
113.67999931,-3.58897700
113.71999931,-1.79448800
113.75999931,0.00000000
113.79999931,-3.58897700
113.83999931,-3.58897700
113.87999931,-1.79448800
113.91999931,-3.58897700
113.95999931,-5.38956800
113.99999931,-3.58897700
114.03999931,-3.58897700
114.07999931,-5.38956800
114.11999931,-7.18405700
114.15999931,-5.38956800
114.19999931,-5.38956800
114.23999931,-7.18405700
114.27999931,-7.18405700
114.31999931,-7.18405700
114.35999930,-7.18405700
114.39999930,-7.18405700
114.43999930,-7.18405700
114.47999930,-5.38956800
114.51999930,-7.18405700
114.55999930,-5.38956800
114.59999930,-7.18405700
114.63999930,-5.38956800
114.67999930,-5.38956800
114.71999930,-5.38956800
114.75999930,-5.38956800
114.79999930,-3.58897700
114.83999930,-3.58897700
114.87999930,-3.58897700
114.91999930,-3.58897700
114.95999930,-1.79448800
114.99999930,-1.79448800
115.03999930,-1.79448800
115.07999930,-1.79448800
115.11999930,-1.79448800
115.15999930,-1.79448800
115.19999930,0.00000000
115.23999930,0.00000000
115.27999930,0.00000000
115.31999930,0.00000000
115.35999930,0.00000000
115.39999930,0.00000000
115.43999930,1.79448800
115.47999930,1.79448800
115.51999930,1.79448800
115.55999930,1.79448800
115.59999930,1.79448800
115.63999930,1.79448800
115.67999930,0.00000000
115.71999930,-7.18405700
115.75999930,-28.74844000
115.79999930,-32.34352000
115.83999930,-17.96930000
115.87999930,-7.18405700
115.91999930,0.00000000
115.95999930,10.77914000
115.99999930,28.74844000
116.03999929,48.51222000
116.07999929,53.90789000
116.11999929,35.93859000
116.15999929,16.16870000
116.19999929,7.18405700
116.23999929,3.58897700
116.27999929,-5.38956800
116.31999929,-17.96930000
116.35999929,-23.35887000
116.39999929,-19.76379000
116.43999929,-8.98464900
116.47999929,-8.98464900
116.51999929,-14.37422000
116.55999929,-16.16870000
116.59999929,-14.37422000
116.63999929,-10.77914000
116.67999929,-7.18405700
116.71999929,-7.18405700
116.75999929,-10.77914000
116.79999929,-8.98464900
116.83999929,-5.38956800
116.87999929,-3.58897700
116.91999929,-3.58897700
116.95999929,-3.58897700
116.99999929,0.00000000
117.03999929,7.18405700
117.07999929,12.57363000
117.11999929,8.98464900
117.15999929,5.38956800
117.19999929,1.79448800
117.23999929,-1.79448800
117.27999929,-7.18405700
117.31999929,-14.37422000
117.35999929,-17.96930000
117.39999929,-17.96930000
117.43999929,-12.57363000
117.47999929,-7.18405700
117.51999929,-5.38956800
117.55999929,-1.79448800
117.59999929,0.00000000
117.63999929,0.00000000
117.67999928,0.00000000
117.71999928,-3.58897700
117.75999928,-5.38956800
117.79999928,-3.58897700
117.83999928,-1.79448800
117.87999928,0.00000000
117.91999928,3.58897700
117.95999928,7.18405700
117.99999928,8.98464900
118.03999928,10.77914000
118.07999928,7.18405700
118.11999928,5.38956800
118.15999928,1.79448800
118.19999928,0.00000000
118.23999928,-1.79448800
118.27999928,-3.58897700
118.31999928,-3.58897700
118.35999928,-7.18405700
118.39999928,-3.58897700
118.43999928,-3.58897700
118.47999928,0.00000000
118.51999928,0.00000000
118.55999928,0.00000000
118.59999928,0.00000000
118.63999928,0.00000000
118.67999928,1.79448800
118.71999928,3.58897700
118.75999928,1.79448800
118.79999928,1.79448800
118.83999928,1.79448800
118.87999928,0.00000000
118.91999928,0.00000000
118.95999928,0.00000000
118.99999928,0.00000000
119.03999928,1.79448800
119.07999928,0.00000000
119.11999928,0.00000000
119.15999928,0.00000000
119.19999928,-1.79448800
119.23999928,-5.38956800
119.27999928,-7.18405700
119.31999927,-8.98464900
119.35999927,-8.98464900
119.39999927,-7.18405700
119.43999927,-7.18405700
119.47999927,-5.38956800
119.51999927,-3.58897700
119.55999927,-1.79448800
119.59999927,-1.79448800
119.63999927,-1.79448800
119.67999927,-3.58897700
119.71999927,-1.79448800
119.75999927,-3.58897700
119.79999927,-3.58897700
119.83999927,-3.58897700
119.87999927,-3.58897700
119.91999927,-1.79448800
119.95999927,-1.79448800
119.99999927,-3.58897700
120.03999927,-3.58897700
120.07999927,-3.58897700
120.11999927,-5.38956800
120.15999927,-3.58897700
120.19999927,-5.38956800
120.23999927,-3.58897700
120.27999927,-3.58897700
120.31999927,-3.58897700
120.35999927,-3.58897700
120.39999927,-3.58897700
120.43999927,-1.79448800
120.47999927,-1.79448800
120.51999927,-1.79448800
120.55999927,0.00000000
120.59999927,0.00000000
120.63999927,0.00000000
120.67999927,1.79448800
120.71999927,1.79448800
120.75999927,0.00000000
120.79999927,0.00000000
120.83999927,0.00000000
120.87999927,0.00000000
120.91999927,0.00000000
120.95999926,0.00000000
120.99999926,0.00000000
121.03999926,0.00000000
121.07999926,0.00000000
121.11999926,1.79448800
121.15999926,0.00000000
121.19999926,0.00000000
121.23999926,0.00000000
121.27999926,0.00000000
121.31999926,-1.79448800
121.35999926,0.00000000
121.39999926,1.79448800
121.43999926,3.58897700
121.47999926,0.00000000
121.51999926,-1.79448800
121.55999926,-1.79448800
121.59999926,0.00000000
121.63999926,0.00000000
121.67999926,0.00000000
121.71999926,0.00000000
121.75999926,-1.79448800
121.79999926,-1.79448800
121.83999926,-1.79448800
121.87999926,-3.58897700
121.91999926,-3.58897700
121.95999926,-3.58897700
121.99999926,-1.79448800
122.03999926,-3.58897700
122.07999926,-3.58897700
122.11999926,-3.58897700
122.15999926,-3.58897700
122.19999926,-3.58897700
122.23999926,-3.58897700
122.27999926,-3.58897700
122.31999926,-5.38956800
122.35999926,-3.58897700
122.39999926,-3.58897700
122.43999926,-3.58897700
122.47999926,-3.58897700
122.51999926,-1.79448800
122.55999926,-3.58897700
122.59999925,-1.79448800
122.63999925,-1.79448800
122.67999925,-3.58897700
122.71999925,-3.58897700
122.75999925,-3.58897700
122.79999925,-3.58897700
122.83999925,-3.58897700
122.87999925,-1.79448800
122.91999925,-3.58897700
122.95999925,-1.79448800
122.99999925,-1.79448800
123.03999925,-1.79448800
123.07999925,-1.79448800
123.11999925,-1.79448800
123.15999925,-1.79448800
123.19999925,-1.79448800
123.23999925,0.00000000
123.27999925,1.79448800
123.31999925,-7.18405700
123.35999925,-5.38956800
123.39999925,3.58897700
123.43999925,7.18405700
123.47999925,0.00000000
123.51999925,-1.79448800
123.55999925,0.00000000
123.59999925,3.58897700
123.63999925,1.79448800
123.67999925,-1.79448800
123.71999925,1.79448800
123.75999925,0.00000000
123.79999925,0.00000000
123.83999925,0.00000000
123.87999925,0.00000000
123.91999925,0.00000000
123.95999925,-1.79448800
123.99999925,0.00000000
124.03999925,0.00000000
124.07999925,0.00000000
124.11999925,0.00000000
124.15999925,0.00000000
124.19999925,0.00000000
124.23999924,0.00000000
124.27999924,0.00000000
124.31999924,0.00000000
124.35999924,0.00000000
124.39999924,0.00000000
124.43999924,-1.79448800
124.47999924,-1.79448800
124.51999924,-1.79448800
124.55999924,-1.79448800
124.59999924,-1.79448800
124.63999924,-1.79448800
124.67999924,-1.79448800
124.71999924,-1.79448800
124.75999924,-1.79448800
124.79999924,-3.58897700
124.83999924,-1.79448800
124.87999924,-3.58897700
124.91999924,-1.79448800
124.95999924,-1.79448800
124.99999924,-3.58897700
125.03999924,-3.58897700
125.07999924,-3.58897700
125.11999924,-3.58897700
125.15999924,-3.58897700
125.19999924,-3.58897700
125.23999924,-3.58897700
125.27999924,-3.58897700
125.31999924,-3.58897700
125.35999924,-3.58897700
125.39999924,-1.79448800
125.43999924,-1.79448800
125.47999924,-1.79448800
125.51999924,-1.79448800
125.55999924,-1.79448800
125.59999924,-1.79448800
125.63999924,-1.79448800
125.67999924,-1.79448800
125.71999924,-1.79448800
125.75999924,-1.79448800
125.79999924,-1.79448800
125.83999924,-1.79448800
125.87999923,-1.79448800
125.91999923,0.00000000
125.95999923,0.00000000
125.99999923,0.00000000
126.03999923,0.00000000
126.07999923,0.00000000
126.11999923,0.00000000
126.15999923,0.00000000
126.19999923,0.00000000
126.23999923,0.00000000
126.27999923,0.00000000
126.31999923,0.00000000
126.35999923,0.00000000
126.39999923,0.00000000
126.43999923,1.79448800
126.47999923,0.00000000
126.51999923,0.00000000
126.55999923,0.00000000
126.59999923,0.00000000
126.63999923,0.00000000
126.67999923,-1.79448800
126.71999923,0.00000000
126.75999923,0.00000000
126.79999923,0.00000000
126.83999923,0.00000000
126.87999923,-1.79448800
126.91999923,0.00000000
126.95999923,0.00000000
126.99999923,0.00000000
127.03999923,0.00000000
127.07999923,-1.79448800
127.11999923,-1.79448800
127.15999923,-1.79448800
127.19999923,-1.79448800
127.23999923,-1.79448800
127.27999923,-1.79448800
127.31999923,-1.79448800
127.35999923,-1.79448800
127.39999923,-1.79448800
127.43999923,-1.79448800
127.47999923,-1.79448800
127.51999923,-1.79448800
127.55999922,-1.79448800
127.59999922,-1.79448800
127.63999922,-3.58897700
127.67999922,-3.58897700
127.71999922,-3.58897700
127.75999922,-3.58897700
127.79999922,-3.58897700
127.83999922,-3.58897700
127.87999922,-3.58897700
127.91999922,-3.58897700
127.95999922,-1.79448800
127.99999922,-1.79448800
128.03999922,-3.58897700
128.07999922,-1.79448800
128.11999922,-3.58897700
128.15999922,-1.79448800
128.19999922,-5.38956800
128.23999922,-5.38956800
128.27999922,-3.58897700
128.31999922,-1.79448800
128.35999922,0.00000000
128.39999922,-1.79448800
128.43999922,-3.58897700
128.47999922,-1.79448800
128.51999922,-1.79448800
128.55999922,0.00000000
128.59999922,0.00000000
128.63999922,0.00000000
128.67999922,0.00000000
128.71999922,0.00000000
128.75999922,0.00000000
128.79999922,0.00000000
128.83999922,0.00000000
128.87999922,0.00000000
128.91999922,0.00000000
128.95999922,0.00000000
128.99999922,-1.79448800
129.03999922,-5.38956800
129.07999922,-5.38956800
129.11999922,-1.79448800
129.15999922,8.98464900
129.19999921,25.15336000
129.23999921,57.50298000
129.27999921,89.84650000
129.31999921,134.76970000
129.35999921,156.33410000
129.39999921,152.73900000
129.43999921,132.97520000
129.47999921,113.20540000
129.51999921,93.44157000
129.55999921,79.06125000
129.59999921,61.09195000
129.63999921,44.92325000
129.67999921,30.54292000
129.71999921,16.16870000
129.75999921,-1.79448800
129.79999921,-21.55827000
129.83999921,-41.32816000
129.87999921,-61.09195000
129.91999921,-89.84650000
129.95999921,-115.00600000
129.99999921,-136.56420000
130.03999921,-123.99060000
130.07999921,-91.64098000
130.11999921,-79.06125000
130.15999921,-77.26676000
130.19999921,-68.28211000
130.23999921,-70.07660000
130.27999921,-68.28211000
130.31999921,-66.48762000
130.35999921,-59.29746000
130.39999921,-50.31281000
130.43999921,-46.71774000
130.47999921,-44.92325000
130.51999921,-52.10730000
130.55999921,-55.70238000
130.59999921,-64.68703000
130.63999921,-62.89254000
130.67999921,-53.90789000
130.71999921,-44.92325000
130.75999921,-34.13800000
130.79999921,-25.15336000
130.83999920,-14.37422000
130.87999920,-8.98464900
130.91999920,-3.58897700
130.95999920,-1.79448800
130.99999920,1.79448800
131.03999920,7.18405700
131.07999920,17.96930000
131.11999920,32.34352000
131.15999920,52.10730000
131.19999920,77.26676000
131.23999920,106.01520000
131.27999920,122.19000000
131.31999920,125.78510000
131.35999920,115.00600000
131.39999920,116.80040000
131.43999920,115.00600000
131.47999920,111.41090000
131.51999920,104.22070000
131.55999920,104.22070000
131.59999920,97.03055000
131.63999920,91.64098000
131.67999920,84.45692000
131.71999920,80.86184000
131.75999920,79.06125000
131.79999920,79.06125000
131.83999920,79.06125000
131.87999920,79.06125000
131.91999920,71.87719000
131.95999920,62.89254000
131.99999920,53.90789000
132.03999920,44.92325000
132.07999920,35.93859000
132.11999920,25.15336000
132.15999920,7.18405700
132.19999920,-17.96930000
132.23999920,-50.31281000
132.27999920,-97.03055000
132.31999920,-115.00600000
132.35999920,-120.39550000
132.39999920,-97.03055000
132.43999920,-88.04590000
132.47999919,-79.06125000
132.51999919,-71.87719000
132.55999919,-61.09195000
132.59999919,-55.70238000
132.63999919,-50.31281000
132.67999919,-39.52757000
132.71999919,-32.34352000
132.75999919,-34.13800000
132.79999919,-37.73308000
132.83999919,-46.71774000
132.87999919,-55.70238000
132.91999919,-62.89254000
132.95999919,-62.89254000
132.99999919,-53.90789000
133.03999919,-39.52757000
133.07999919,-28.74844000
133.11999919,-30.54292000
133.15999919,-17.96930000
133.19999919,3.58897700
133.23999919,16.16870000
133.27999919,21.55827000
133.31999919,23.35887000
133.35999919,32.34352000
133.39999919,39.52757000
133.43999919,43.12265000
133.47999919,44.92325000
133.51999919,55.70238000
133.55999919,68.28211000
133.59999919,84.45692000
133.63999919,95.23605000
133.67999919,107.81580000
133.71999919,109.61030000
133.75999919,102.42620000
133.79999919,98.83114000
133.83999919,97.03055000
133.87999919,89.84650000
133.91999919,86.25141000
133.95999919,80.86184000
133.99999919,71.87719000
134.03999919,68.28211000
134.07999919,62.89254000
134.11999918,61.09195000
134.15999918,62.89254000
134.19999918,62.89254000
134.23999918,61.09195000
134.27999918,57.50298000
134.31999918,52.10730000
134.35999918,37.73308000
134.39999918,17.96930000
134.43999918,-10.77914000
134.47999918,-44.92325000
134.51999918,-88.04590000
134.55999918,-113.20540000
134.59999918,-127.57960000
134.63999918,-111.41090000
134.67999918,-102.42620000
134.71999918,-91.64098000
134.75999918,-82.65633000
134.79999918,-68.28211000
134.83999918,-61.09195000
134.87999918,-52.10730000
134.91999918,-43.12265000
134.95999918,-35.93859000
134.99999918,-35.93859000
135.03999918,-37.73308000
135.07999918,-44.92325000
135.11999918,-53.90789000
135.15999918,-62.89254000
135.19999918,-64.68703000
135.23999918,-59.29746000
135.27999918,-50.31281000
135.31999918,-39.52757000
135.35999918,-28.74844000
135.39999918,-14.37422000
135.43999918,-1.79448800
135.47999918,7.18405700
135.51999918,16.16870000
135.55999918,25.15336000
135.59999918,34.13800000
135.63999918,43.12265000
135.67999918,52.10730000
135.71999918,62.89254000
135.75999917,79.06125000
135.79999917,89.84650000
135.83999917,93.44157000
135.87999917,89.84650000
135.91999917,82.65633000
135.95999917,75.47227000
135.99999917,70.07660000
136.03999917,64.68703000
136.07999917,59.29746000
136.11999917,57.50298000
136.15999917,55.70238000
136.19999917,52.10730000
136.23999917,50.31281000
136.27999917,50.31281000
136.31999917,50.31281000
136.35999917,53.90789000
136.39999917,57.50298000
136.43999917,57.50298000
136.47999917,57.50298000
136.51999917,53.90789000
136.55999917,48.51222000
136.59999917,43.12265000
136.63999917,39.52757000
136.67999917,37.73308000
136.71999917,34.13800000
136.75999917,34.13800000
136.79999917,30.54292000
136.83999917,26.95395000
136.87999917,21.55827000
136.91999917,16.16870000
136.95999917,10.77914000
136.99999917,5.38956800
137.03999917,0.00000000
137.07999917,-5.38956800
137.11999917,-8.98464900
137.15999917,-17.96930000
137.19999917,-19.76379000
137.23999917,-17.96930000
137.27999917,-17.96930000
137.31999917,-21.55827000
137.35999917,-21.55827000
137.39999916,-23.35887000
137.43999916,-21.55827000
137.47999916,-25.15336000
137.51999916,-25.15336000
137.55999916,-23.35887000
137.59999916,-21.55827000
137.63999916,-19.76379000
137.67999916,-17.96930000
137.71999916,-16.16870000
137.75999916,-14.37422000
137.79999916,-14.37422000
137.83999916,-12.57363000
137.87999916,-12.57363000
137.91999916,-10.77914000
137.95999916,-12.57363000
137.99999916,-10.77914000
138.03999916,-14.37422000
138.07999916,-12.57363000
138.11999916,-8.98464900
138.15999916,-3.58897700
138.19999916,3.58897700
138.23999916,7.18405700
138.27999916,7.18405700
138.31999916,14.37422000
138.35999916,14.37422000
138.39999916,19.76379000
138.43999916,21.55827000
138.47999916,23.35887000
138.51999916,25.15336000
138.55999916,28.74844000
138.59999916,28.74844000
138.63999916,30.54292000
138.67999916,32.34352000
138.71999916,35.93859000
138.75999916,37.73308000
138.79999916,39.52757000
138.83999916,39.52757000
138.87999916,39.52757000
138.91999916,39.52757000
138.95999916,35.93859000
138.99999916,34.13800000
139.03999915,32.34352000
139.07999915,28.74844000
139.11999915,28.74844000
139.15999915,26.95395000
139.19999915,25.15336000
139.23999915,25.15336000
139.27999915,23.35887000
139.31999915,23.35887000
139.35999915,21.55827000
139.39999915,19.76379000
139.43999915,17.96930000
139.47999915,14.37422000
139.51999915,10.77914000
139.55999915,7.18405700
139.59999915,5.38956800
139.63999915,1.79448800
139.67999915,0.00000000
139.71999915,-3.58897700
139.75999915,-5.38956800
139.79999915,-7.18405700
139.83999915,-8.98464900
139.87999915,-12.57363000
139.91999915,-14.37422000
139.95999915,-16.16870000
139.99999915,-17.96930000
140.03999915,-21.55827000
140.07999915,-21.55827000
140.11999915,-23.35887000
140.15999915,-25.15336000
140.19999915,-25.15336000
140.23999915,-25.15336000
140.27999915,-25.15336000
140.31999915,-25.15336000
140.35999915,-23.35887000
140.39999915,-21.55827000
140.43999915,-19.76379000
140.47999915,-17.96930000
140.51999915,-16.16870000
140.55999915,-16.16870000
140.59999915,-14.37422000
140.63999915,-12.57363000
140.67999915,-8.98464900
140.71999914,-8.98464900
140.75999914,-7.18405700
140.79999914,-5.38956800
140.83999914,-3.58897700
140.87999914,0.00000000
140.91999914,1.79448800
140.95999914,3.58897700
140.99999914,5.38956800
141.03999914,7.18405700
141.07999914,10.77914000
141.11999914,12.57363000
141.15999914,14.37422000
141.19999914,16.16870000
141.23999914,17.96930000
141.27999914,19.76379000
141.31999914,21.55827000
141.35999914,21.55827000
141.39999914,25.15336000
141.43999914,25.15336000
141.47999914,25.15336000
141.51999914,28.74844000
141.55999914,30.54292000
141.59999914,25.15336000
141.63999914,21.55827000
141.67999914,25.15336000
141.71999914,28.74844000
141.75999914,25.15336000
141.79999914,21.55827000
141.83999914,19.76379000
141.87999914,21.55827000
141.91999914,19.76379000
141.95999914,14.37422000
141.99999914,12.57363000
142.03999914,12.57363000
142.07999914,10.77914000
142.11999914,10.77914000
142.15999914,7.18405700
142.19999914,3.58897700
142.23999914,1.79448800
142.27999914,0.00000000
142.31999914,0.00000000
142.35999913,-3.58897700
142.39999913,-5.38956800
142.43999913,-7.18405700
142.47999913,-8.98464900
142.51999913,-10.77914000
142.55999913,-12.57363000
142.59999913,-14.37422000
142.63999913,-14.37422000
142.67999913,-16.16870000
142.71999913,-17.96930000
142.75999913,-19.76379000
142.79999913,-19.76379000
142.83999913,-21.55827000
142.87999913,-21.55827000
142.91999913,-21.55827000
142.95999913,-17.96930000
142.99999913,-23.35887000
143.03999913,-28.74844000
143.07999913,-16.16870000
143.11999913,-12.57363000
143.15999913,-17.96930000
143.19999913,-19.76379000
143.23999913,-17.96930000
143.27999913,-10.77914000
143.31999913,-12.57363000
143.35999913,-12.57363000
143.39999913,-8.98464900
143.43999913,-7.18405700
143.47999913,-7.18405700
143.51999913,-5.38956800
143.55999913,-1.79448800
143.59999913,0.00000000
143.63999913,0.00000000
143.67999913,1.79448800
143.71999913,5.38956800
143.75999913,7.18405700
143.79999913,7.18405700
143.83999913,8.98464900
143.87999913,12.57363000
143.91999913,12.57363000
143.95999913,14.37422000
143.99999912,14.37422000
144.03999912,16.16870000
144.07999912,16.16870000
144.11999912,16.16870000
144.15999912,17.96930000
144.19999912,17.96930000
144.23999912,19.76379000
144.27999912,19.76379000
144.31999912,19.76379000
144.35999912,17.96930000
144.39999912,17.96930000
144.43999912,16.16870000
144.47999912,16.16870000
144.51999912,14.37422000
144.55999912,14.37422000
144.59999912,14.37422000
144.63999912,12.57363000
144.67999912,8.98464900
144.71999912,7.18405700
144.75999912,7.18405700
144.79999912,5.38956800
144.83999912,3.58897700
144.87999912,1.79448800
144.91999912,0.00000000
144.95999912,0.00000000
144.99999912,-1.79448800
145.03999912,-3.58897700
145.07999912,-7.18405700
145.11999912,-7.18405700
145.15999912,-8.98464900
145.19999912,-10.77914000
145.23999912,-12.57363000
145.27999912,-12.57363000
145.31999912,-14.37422000
145.35999912,-16.16870000
145.39999912,-14.37422000
145.43999912,-16.16870000
145.47999912,-16.16870000
145.51999912,-17.96930000
145.55999912,-17.96930000
145.59999912,-17.96930000
145.63999911,-17.96930000
145.67999911,-17.96930000
145.71999911,-17.96930000
145.75999911,-17.96930000
145.79999911,-16.16870000
145.83999911,-16.16870000
145.87999911,-14.37422000
145.91999911,-14.37422000
145.95999911,-12.57363000
145.99999911,-12.57363000
146.03999911,-10.77914000
146.07999911,-8.98464900
146.11999911,-7.18405700
146.15999911,-7.18405700
146.19999911,-3.58897700
146.23999911,-3.58897700
146.27999911,-1.79448800
146.31999911,0.00000000
146.35999911,1.79448800
146.39999911,5.38956800
146.43999911,1.79448800
146.47999911,3.58897700
146.51999911,7.18405700
146.55999911,7.18405700
146.59999911,7.18405700
146.63999911,8.98464900
146.67999911,12.57363000
146.71999911,12.57363000
146.75999911,12.57363000
146.79999911,12.57363000
146.83999911,14.37422000
146.87999911,14.37422000
146.91999911,14.37422000
146.95999911,12.57363000
146.99999911,14.37422000
147.03999911,14.37422000
147.07999911,12.57363000
147.11999911,12.57363000
147.15999911,12.57363000
147.19999911,10.77914000
147.23999911,10.77914000
147.27999910,8.98464900
147.31999910,7.18405700
147.35999910,7.18405700
147.39999910,1.79448800
147.43999910,-7.18405700
147.47999910,-28.74844000
147.51999910,-28.74844000
147.55999910,-10.77914000
147.59999910,0.00000000
147.63999910,0.00000000
147.67999910,3.58897700
147.71999910,26.95395000
147.75999910,41.32816000
147.79999910,35.93859000
147.83999910,14.37422000
147.87999910,-5.38956800
147.91999910,-12.57363000
147.95999910,-10.77914000
147.99999910,-19.76379000
148.03999910,-32.34352000
148.07999910,-34.13800000
148.11999910,-25.15336000
148.15999910,-17.96930000
148.19999910,-23.35887000
148.23999910,-28.74844000
148.27999910,-28.74844000
148.31999910,-23.35887000
148.35999910,-17.96930000
148.39999910,-19.76379000
148.43999910,-21.55827000
148.47999910,-19.76379000
148.51999910,-16.16870000
148.55999910,-12.57363000
148.59999910,-12.57363000
148.63999910,-10.77914000
148.67999910,-7.18405700
148.71999910,-1.79448800
148.75999910,5.38956800
148.79999910,7.18405700
148.83999910,7.18405700
148.87999910,1.79448800
148.91999909,0.00000000
148.95999909,-1.79448800
148.99999909,-7.18405700
149.03999909,-10.77914000
149.07999909,-12.57363000
149.11999909,-8.98464900
149.15999909,-1.79448800
149.19999909,1.79448800
149.23999909,5.38956800
149.27999909,7.18405700
149.31999909,10.77914000
149.35999909,10.77914000
149.39999909,10.77914000
149.43999909,7.18405700
149.47999909,7.18405700
149.51999909,7.18405700
149.55999909,10.77914000
149.59999909,12.57363000
149.63999909,14.37422000
149.67999909,17.96930000
149.71999909,17.96930000
149.75999909,17.96930000
149.79999909,14.37422000
149.83999909,10.77914000
149.87999909,7.18405700
149.91999909,5.38956800
149.95999909,1.79448800
149.99999909,0.00000000
150.03999909,0.00000000
150.07999909,0.00000000
150.11999909,0.00000000
150.15999909,-1.79448800
150.19999909,-1.79448800
150.23999909,-3.58897700
150.27999909,-3.58897700
150.31999909,-3.58897700
150.35999909,-3.58897700
150.39999909,-3.58897700
150.43999909,-3.58897700
150.47999909,-5.38956800
150.51999909,-7.18405700
150.55999908,-8.98464900
150.59999908,-8.98464900
150.63999908,-10.77914000
150.67999908,-10.77914000
150.71999908,-8.98464900
150.75999908,-8.98464900
150.79999908,-10.77914000
150.83999908,-10.77914000
150.87999908,-14.37422000
150.91999908,-14.37422000
150.95999908,-16.16870000
150.99999908,-16.16870000
151.03999908,-14.37422000
151.07999908,-14.37422000
151.11999908,-19.76379000
151.15999908,-16.16870000
151.19999908,-10.77914000
151.23999908,-8.98464900
151.27999908,-7.18405700
151.31999908,-8.98464900
151.35999908,-7.18405700
151.39999908,-5.38956800
151.43999908,-7.18405700
151.47999908,-7.18405700
151.51999908,-5.38956800
151.55999908,-3.58897700
151.59999908,-1.79448800
151.63999908,0.00000000
151.67999908,0.00000000
151.71999908,0.00000000
151.75999908,0.00000000
151.79999908,0.00000000
151.83999908,1.79448800
151.87999908,0.00000000
151.91999908,1.79448800
151.95999908,3.58897700
151.99999908,3.58897700
152.03999908,5.38956800
152.07999908,5.38956800
152.11999908,7.18405700
152.15999908,7.18405700
152.19999908,7.18405700
152.23999907,7.18405700
152.27999907,8.98464900
152.31999907,8.98464900
152.35999907,8.98464900
152.39999907,7.18405700
152.43999907,7.18405700
152.47999907,7.18405700
152.51999907,7.18405700
152.55999907,5.38956800
152.59999907,5.38956800
152.63999907,5.38956800
152.67999907,5.38956800
152.71999907,1.79448800
152.75999907,1.79448800
152.79999907,3.58897700
152.83999907,0.00000000
152.87999907,-8.98464900
152.91999907,-1.79448800
152.95999907,3.58897700
152.99999907,0.00000000
153.03999907,-7.18405700
153.07999907,-7.18405700
153.11999907,-5.38956800
153.15999907,-5.38956800
153.19999907,-7.18405700
153.23999907,-7.18405700
153.27999907,-7.18405700
153.31999907,-7.18405700
153.35999907,-8.98464900
153.39999907,-8.98464900
153.43999907,-8.98464900
153.47999907,-12.57363000
153.51999907,-12.57363000
153.55999907,-10.77914000
153.59999907,-10.77914000
153.63999907,-12.57363000
153.67999907,-12.57363000
153.71999907,-10.77914000
153.75999907,-10.77914000
153.79999907,-10.77914000
153.83999907,-12.57363000
153.87999906,-8.98464900
153.91999906,-10.77914000
153.95999906,-8.98464900
153.99999906,-8.98464900
154.03999906,-7.18405700
154.07999906,-7.18405700
154.11999906,-7.18405700
154.15999906,-5.38956800
154.19999906,-5.38956800
154.23999906,-3.58897700
154.27999906,-1.79448800
154.31999906,-1.79448800
154.35999906,0.00000000
154.39999906,0.00000000
154.43999906,0.00000000
154.47999906,0.00000000
154.51999906,1.79448800
154.55999906,0.00000000
154.59999906,1.79448800
154.63999906,3.58897700
154.67999906,3.58897700
154.71999906,3.58897700
154.75999906,3.58897700
154.79999906,3.58897700
154.83999906,5.38956800
154.87999906,5.38956800
154.91999906,5.38956800
154.95999906,5.38956800
154.99999906,5.38956800
155.03999906,5.38956800
155.07999906,5.38956800
155.11999906,5.38956800
155.15999906,5.38956800
155.19999906,5.38956800
155.23999906,5.38956800
155.27999906,3.58897700
155.31999906,3.58897700
155.35999906,1.79448800
155.39999906,1.79448800
155.43999906,1.79448800
155.47999906,0.00000000
155.51999905,0.00000000
155.55999905,0.00000000
155.59999905,0.00000000
155.63999905,-1.79448800
155.67999905,-3.58897700
155.71999905,-3.58897700
155.75999905,-5.38956800
155.79999905,-5.38956800
155.83999905,-7.18405700
155.87999905,-7.18405700
155.91999905,-7.18405700
155.95999905,-7.18405700
155.99999905,-5.38956800
156.03999905,-7.18405700
156.07999905,-10.77914000
156.11999905,-8.98464900
156.15999905,-7.18405700
156.19999905,-8.98464900
156.23999905,-10.77914000
156.27999905,-8.98464900
156.31999905,-8.98464900
156.35999905,-8.98464900
156.39999905,-10.77914000
156.43999905,-10.77914000
156.47999905,-8.98464900
156.51999905,-8.98464900
156.55999905,-8.98464900
156.59999905,-8.98464900
156.63999905,-7.18405700
156.67999905,-10.77914000
156.71999905,-14.37422000
156.75999905,-23.35887000
156.79999905,-28.74844000
156.83999905,-28.74844000
156.87999905,-23.35887000
156.91999905,-10.77914000
156.95999905,1.79448800
156.99999905,16.16870000
157.03999905,30.54292000
157.07999905,39.52757000
157.11999905,39.52757000
157.15999904,32.34352000
157.19999904,19.76379000
157.23999904,7.18405700
157.27999904,0.00000000
157.31999904,-7.18405700
157.35999904,-12.57363000
157.39999904,-14.37422000
157.43999904,-10.77914000
157.47999904,-8.98464900
157.51999904,-7.18405700
157.55999904,-7.18405700
157.59999904,-7.18405700
157.63999904,-5.38956800
157.67999904,-3.58897700
157.71999904,-1.79448800
157.75999904,-5.38956800
157.79999904,0.00000000
157.83999904,0.00000000
157.87999904,5.38956800
157.91999904,5.38956800
157.95999904,5.38956800
157.99999904,7.18405700
158.03999904,12.57363000
158.07999904,14.37422000
158.11999904,16.16870000
158.15999904,14.37422000
158.19999904,8.98464900
158.23999904,3.58897700
158.27999904,-1.79448800
158.31999904,-7.18405700
158.35999904,-12.57363000
158.39999904,-14.37422000
158.43999904,-16.16870000
158.47999904,-12.57363000
158.51999904,-8.98464900
158.55999904,-7.18405700
158.59999904,-5.38956800
158.63999904,-5.38956800
158.67999904,-5.38956800
158.71999904,-7.18405700
158.75999904,-8.98464900
158.79999903,-8.98464900
158.83999903,-8.98464900
158.87999903,-7.18405700
158.91999903,-5.38956800
158.95999903,-3.58897700
158.99999903,0.00000000
159.03999903,0.00000000
159.07999903,0.00000000
159.11999903,-1.79448800
159.15999903,-3.58897700
159.19999903,-7.18405700
159.23999903,-8.98464900
159.27999903,-10.77914000
159.31999903,-12.57363000
159.35999903,-10.77914000
159.39999903,-10.77914000
159.43999903,-10.77914000
159.47999903,-8.98464900
159.51999903,-8.98464900
159.55999903,-7.18405700
159.59999903,-5.38956800
159.63999903,-3.58897700
159.67999903,-1.79448800
159.71999903,0.00000000
159.75999903,0.00000000
159.79999903,0.00000000
159.83999903,0.00000000
159.87999903,1.79448800
159.91999903,1.79448800
159.95999903,1.79448800
159.99999903,3.58897700
160.03999903,3.58897700
160.07999903,5.38956800
160.11999903,5.38956800
160.15999903,5.38956800
160.19999903,3.58897700
160.23999903,1.79448800
160.27999903,0.00000000
160.31999903,0.00000000
160.35999903,-1.79448800
160.39999903,-1.79448800
160.43999902,0.00000000
160.47999902,0.00000000
160.51999902,1.79448800
160.55999902,3.58897700
160.59999902,5.38956800
160.63999902,3.58897700
160.67999902,3.58897700
160.71999902,3.58897700
160.75999902,1.79448800
160.79999902,1.79448800
160.83999902,3.58897700
160.87999902,3.58897700
160.91999902,-1.79448800
160.95999902,-3.58897700
160.99999902,-1.79448800
161.03999902,0.00000000
161.07999902,-1.79448800
161.11999902,-5.38956800
161.15999902,-7.18405700
161.19999902,-7.18405700
161.23999902,-7.18405700
161.27999902,-7.18405700
161.31999902,-7.18405700
161.35999902,-8.98464900
161.39999902,-7.18405700
161.43999902,-7.18405700
161.47999902,-7.18405700
161.51999902,-7.18405700
161.55999902,-7.18405700
161.59999902,-7.18405700
161.63999902,-5.38956800
161.67999902,-5.38956800
161.71999902,-5.38956800
161.75999902,-5.38956800
161.79999902,-5.38956800
161.83999902,-5.38956800
161.87999902,-7.18405700
161.91999902,-7.18405700
161.95999902,-7.18405700
161.99999902,-7.18405700
162.03999902,-7.18405700
162.07999901,-5.38956800
162.11999901,-5.38956800
162.15999901,-5.38956800
162.19999901,-5.38956800
162.23999901,-5.38956800
162.27999901,-3.58897700
162.31999901,-3.58897700
162.35999901,-3.58897700
162.39999901,-1.79448800
162.43999901,-1.79448800
162.47999901,-1.79448800
162.51999901,0.00000000
162.55999901,0.00000000
162.59999901,1.79448800
162.63999901,1.79448800
162.67999901,3.58897700
162.71999901,-7.18405700
162.75999901,1.79448800
162.79999901,7.18405700
162.83999901,7.18405700
162.87999901,0.00000000
162.91999901,0.00000000
162.95999901,1.79448800
162.99999901,3.58897700
163.03999901,0.00000000
163.07999901,0.00000000
163.11999901,1.79448800
163.15999901,3.58897700
163.19999901,0.00000000
163.23999901,0.00000000
163.27999901,1.79448800
163.31999901,0.00000000
163.35999901,0.00000000
163.39999901,0.00000000
163.43999901,1.79448800
163.47999901,0.00000000
163.51999901,0.00000000
163.55999901,0.00000000
163.59999901,0.00000000
163.63999901,0.00000000
163.67999901,0.00000000
163.71999900,-1.79448800
163.75999900,-1.79448800
163.79999900,-3.58897700
163.83999900,-3.58897700
163.87999900,-3.58897700
163.91999900,-3.58897700
163.95999900,-5.38956800
163.99999900,-5.38956800
164.03999900,-5.38956800
164.07999900,-5.38956800
164.11999900,-7.18405700
164.15999900,-7.18405700
164.19999900,-7.18405700
164.23999900,-7.18405700
164.27999900,-7.18405700
164.31999900,-7.18405700
164.35999900,-7.18405700
164.39999900,-7.18405700
164.43999900,-7.18405700
164.47999900,-5.38956800
164.51999900,-7.18405700
164.55999900,-5.38956800
164.59999900,-5.38956800
164.63999900,-5.38956800
164.67999900,-5.38956800
164.71999900,-5.38956800
164.75999900,-5.38956800
164.79999900,-3.58897700
164.83999900,-3.58897700
164.87999900,-3.58897700
164.91999900,-1.79448800
164.95999900,-1.79448800
164.99999900,-1.79448800
165.03999900,-1.79448800
165.07999900,-1.79448800
165.11999900,-1.79448800
165.15999900,-1.79448800
165.19999900,-1.79448800
165.23999900,0.00000000
165.27999900,0.00000000
165.31999900,0.00000000
165.35999900,0.00000000
165.39999899,0.00000000
165.43999899,1.79448800
165.47999899,1.79448800
165.51999899,1.79448800
165.55999899,1.79448800
165.59999899,1.79448800
165.63999899,1.79448800
165.67999899,1.79448800
165.71999899,1.79448800
165.75999899,1.79448800
165.79999899,1.79448800
165.83999899,3.58897700
165.87999899,0.00000000
165.91999899,0.00000000
165.95999899,1.79448800
165.99999899,1.79448800
166.03999899,0.00000000
166.07999899,-1.79448800
166.11999899,0.00000000
166.15999899,0.00000000
166.19999899,0.00000000
166.23999899,-1.79448800
166.27999899,-1.79448800
166.31999899,0.00000000
166.35999899,-1.79448800
166.39999899,-1.79448800
166.43999899,-1.79448800
166.47999899,-3.58897700
166.51999899,-3.58897700
166.55999899,-3.58897700
166.59999899,-3.58897700
166.63999899,-3.58897700
166.67999899,-3.58897700
166.71999899,-3.58897700
166.75999899,-5.38956800
166.79999899,-5.38956800
166.83999899,-5.38956800
166.87999899,-5.38956800
166.91999899,-5.38956800
166.95999899,-5.38956800
166.99999899,-5.38956800
167.03999898,-5.38956800
167.07999898,-7.18405700
167.11999898,-7.18405700
167.15999898,-5.38956800
167.19999898,-5.38956800
167.23999898,-5.38956800
167.27999898,-5.38956800
167.31999898,-5.38956800
167.35999898,-3.58897700
167.39999898,-3.58897700
167.43999898,-3.58897700
167.47999898,-3.58897700
167.51999898,-1.79448800
167.55999898,-1.79448800
167.59999898,-5.38956800
167.63999898,-3.58897700
167.67999898,-3.58897700
167.71999898,0.00000000
167.75999898,0.00000000
167.79999898,0.00000000
167.83999898,-1.79448800
167.87999898,-1.79448800
167.91999898,0.00000000
167.95999898,0.00000000
167.99999898,0.00000000
168.03999898,0.00000000
168.07999898,0.00000000
168.11999898,1.79448800
168.15999898,0.00000000
168.19999898,0.00000000
168.23999898,0.00000000
168.27999898,1.79448800
168.31999898,1.79448800
168.35999898,0.00000000
168.39999898,0.00000000
168.43999898,0.00000000
168.47999898,1.79448800
168.51999898,0.00000000
168.55999898,0.00000000
168.59999898,0.00000000
168.63999898,0.00000000
168.67999897,0.00000000
168.71999897,0.00000000
168.75999897,0.00000000
168.79999897,0.00000000
168.83999897,0.00000000
168.87999897,0.00000000
168.91999897,0.00000000
168.95999897,-1.79448800
168.99999897,-1.79448800
169.03999897,-1.79448800
169.07999897,-1.79448800
169.11999897,-1.79448800
169.15999897,-1.79448800
169.19999897,-1.79448800
169.23999897,-1.79448800
169.27999897,-3.58897700
169.31999897,-3.58897700
169.35999897,-3.58897700
169.39999897,-3.58897700
169.43999897,-3.58897700
169.47999897,-3.58897700
169.51999897,-5.38956800
169.55999897,-5.38956800
169.59999897,-3.58897700
169.63999897,-5.38956800
169.67999897,-5.38956800
169.71999897,-3.58897700
169.75999897,-3.58897700
169.79999897,-3.58897700
169.83999897,-3.58897700
169.87999897,-3.58897700
169.91999897,-3.58897700
169.95999897,-3.58897700
169.99999897,-3.58897700
170.03999897,-3.58897700
170.07999897,-3.58897700
170.11999897,-3.58897700
170.15999897,-1.79448800
170.19999897,-3.58897700
170.23999897,-3.58897700
170.27999897,-1.79448800
170.31999896,-1.79448800
170.35999896,-1.79448800
170.39999896,-1.79448800
170.43999896,0.00000000
170.47999896,-1.79448800
170.51999896,-1.79448800
170.55999896,0.00000000
170.59999896,1.79448800
170.63999896,1.79448800
170.67999896,0.00000000
170.71999896,-1.79448800
170.75999896,0.00000000
170.79999896,0.00000000
170.83999896,1.79448800
170.87999896,0.00000000
170.91999896,0.00000000
170.95999896,0.00000000
170.99999896,1.79448800
171.03999896,0.00000000
171.07999896,0.00000000
171.11999896,0.00000000
171.15999896,0.00000000
171.19999896,0.00000000
171.23999896,1.79448800
171.27999896,0.00000000
171.31999896,0.00000000
171.35999896,0.00000000
171.39999896,0.00000000
171.43999896,0.00000000
171.47999896,0.00000000
171.51999896,0.00000000
171.55999896,0.00000000
171.59999896,0.00000000
171.63999896,0.00000000
171.67999896,-1.79448800
171.71999896,0.00000000
171.75999896,-1.79448800
171.79999896,-1.79448800
171.83999896,-1.79448800
171.87999896,-3.58897700
171.91999896,-3.58897700
171.95999895,-3.58897700
171.99999895,-3.58897700
172.03999895,-3.58897700
172.07999895,-3.58897700
172.11999895,-3.58897700
172.15999895,-3.58897700
172.19999895,-3.58897700
172.23999895,-3.58897700
172.27999895,-3.58897700
172.31999895,-3.58897700
172.35999895,-3.58897700
172.39999895,-3.58897700
172.43999895,-3.58897700
172.47999895,-3.58897700
172.51999895,0.00000000
172.55999895,-8.98464900
172.59999895,-8.98464900
172.63999895,0.00000000
172.67999895,1.79448800
172.71999895,-3.58897700
172.75999895,-5.38956800
172.79999895,-5.38956800
172.83999895,0.00000000
172.87999895,-1.79448800
172.91999895,-3.58897700
172.95999895,-3.58897700
172.99999895,-1.79448800
173.03999895,-1.79448800
173.07999895,-1.79448800
173.11999895,0.00000000
173.15999895,-1.79448800
173.19999895,-1.79448800
173.23999895,0.00000000
173.27999895,0.00000000
173.31999895,0.00000000
173.35999895,-1.79448800
173.39999895,0.00000000
173.43999895,0.00000000
173.47999895,0.00000000
173.51999895,0.00000000
173.55999895,0.00000000
173.59999894,0.00000000
173.63999894,0.00000000
173.67999894,0.00000000
173.71999894,0.00000000
173.75999894,0.00000000
173.79999894,0.00000000
173.83999894,0.00000000
173.87999894,0.00000000
173.91999894,0.00000000
173.95999894,0.00000000
173.99999894,0.00000000
174.03999894,0.00000000
174.07999894,0.00000000
174.11999894,0.00000000
174.15999894,0.00000000
174.19999894,0.00000000
174.23999894,0.00000000
174.27999894,-1.79448800
174.31999894,0.00000000
174.35999894,-1.79448800
174.39999894,-1.79448800
174.43999894,-1.79448800
174.47999894,-1.79448800
174.51999894,-1.79448800
174.55999894,-1.79448800
174.59999894,-3.58897700
174.63999894,-1.79448800
174.67999894,-3.58897700
174.71999894,-3.58897700
174.75999894,-3.58897700
174.79999894,-3.58897700
174.83999894,-3.58897700
174.87999894,-3.58897700
174.91999894,-3.58897700
174.95999894,-3.58897700
174.99999894,-3.58897700
175.03999894,-3.58897700
175.07999894,-3.58897700
175.11999894,-1.79448800
175.15999894,-5.38956800
175.19999894,-3.58897700
175.23999893,-3.58897700
175.27999893,-3.58897700
175.31999893,-3.58897700
175.35999893,-3.58897700
175.39999893,-1.79448800
175.43999893,-1.79448800
175.47999893,-3.58897700
175.51999893,-1.79448800
175.55999893,-1.79448800
175.59999893,-1.79448800
175.63999893,-1.79448800
175.67999893,-3.58897700
175.71999893,-3.58897700
175.75999893,-1.79448800
175.79999893,0.00000000
175.83999893,-1.79448800
175.87999893,-1.79448800
175.91999893,-1.79448800
175.95999893,0.00000000
175.99999893,0.00000000
176.03999893,-1.79448800
176.07999893,0.00000000
176.11999893,0.00000000
176.15999893,0.00000000
176.19999893,0.00000000
176.23999893,0.00000000
176.27999893,0.00000000
176.31999893,0.00000000
176.35999893,0.00000000
176.39999893,0.00000000
176.43999893,0.00000000
176.47999893,0.00000000
176.51999893,0.00000000
176.55999893,0.00000000
176.59999893,0.00000000
176.63999893,0.00000000
176.67999893,0.00000000
176.71999893,0.00000000
176.75999893,0.00000000
176.79999893,0.00000000
176.83999893,-1.79448800
176.87999893,0.00000000
176.91999892,-1.79448800
176.95999892,-1.79448800
176.99999892,-1.79448800
177.03999892,-1.79448800
177.07999892,-1.79448800
177.11999892,-1.79448800
177.15999892,-1.79448800
177.19999892,-1.79448800
177.23999892,-1.79448800
177.27999892,-1.79448800
177.31999892,-3.58897700
177.35999892,-3.58897700
177.39999892,-1.79448800
177.43999892,-5.38956800
177.47999892,-5.38956800
177.51999892,-3.58897700
177.55999892,-1.79448800
177.59999892,-1.79448800
177.63999892,-3.58897700
177.67999892,-5.38956800
177.71999892,-3.58897700
177.75999892,-3.58897700
177.79999892,-3.58897700
177.83999892,-3.58897700
177.87999892,-3.58897700
177.91999892,-3.58897700
177.95999892,-1.79448800
177.99999892,-3.58897700
178.03999892,-3.58897700
178.07999892,-1.79448800
178.11999892,-3.58897700
178.15999892,-1.79448800
178.19999892,-3.58897700
178.23999892,-1.79448800
178.27999892,-1.79448800
178.31999892,-1.79448800
178.35999892,-1.79448800
178.39999892,-1.79448800
178.43999892,-1.79448800
178.47999892,-1.79448800
178.51999892,-1.79448800
178.55999891,-1.79448800
178.59999891,-1.79448800
178.63999891,-1.79448800
178.67999891,-1.79448800
178.71999891,0.00000000
178.75999891,-1.79448800
178.79999891,0.00000000
178.83999891,0.00000000
178.87999891,0.00000000
178.91999891,0.00000000
178.95999891,-1.79448800
178.99999891,-1.79448800
179.03999891,-7.18405700
179.07999891,-5.38956800
179.11999891,-1.79448800
179.15999891,12.57363000
179.19999891,34.13800000
179.23999891,66.48762000
179.27999891,100.62560000
179.31999891,140.15930000
179.35999891,150.94450000
179.39999891,149.14400000
179.43999891,123.99060000
179.47999891,107.81580000
179.51999891,91.64098000
179.55999891,75.47227000
179.59999891,55.70238000
179.63999891,43.12265000
179.67999891,28.74844000
179.71999891,14.37422000
179.75999891,-5.38956800
179.79999891,-23.35887000
179.83999891,-43.12265000
179.87999891,-64.68703000
179.91999891,-86.25141000
179.95999891,-129.38020000
179.99999891,-118.59490000
180.03999891,-113.20540000
180.07999891,-93.44157000
180.11999891,-104.22070000
180.15999891,-89.84650000
180.19999890,-88.04590000
180.23999890,-79.06125000
180.27999890,-77.26676000
180.31999890,-68.28211000
180.35999890,-57.50298000
180.39999890,-50.31281000
180.43999890,-46.71774000
180.47999890,-46.71774000
180.51999890,-48.51222000
180.55999890,-57.50298000
180.59999890,-61.09195000
180.63999890,-57.50298000
180.67999890,-43.12265000
180.71999890,-23.35887000
180.75999890,-3.58897700
180.79999890,0.00000000
180.83999890,-10.77914000
180.87999890,-10.77914000
180.91999890,-14.37422000
180.95999890,-26.95395000
180.99999890,-43.12265000
181.03999890,-43.12265000
181.07999890,-19.76379000
181.11999890,17.96930000
181.15999890,50.31281000
181.19999890,77.26676000
181.23999890,107.81580000
181.27999890,140.15930000
181.31999890,150.94450000
181.35999890,140.15930000
181.39999890,129.38020000
181.43999890,122.19000000
181.47999890,125.78510000
181.51999890,125.78510000
181.55999890,115.00600000
181.59999890,100.62560000
181.63999890,91.64098000
181.67999890,84.45692000
181.71999890,80.86184000
181.75999890,79.06125000
181.79999890,75.47227000
181.83999889,75.47227000
181.87999889,75.47227000
181.91999889,66.48762000
181.95999889,53.90789000
181.99999889,39.52757000
182.03999889,28.74844000
182.07999889,21.55827000
182.11999889,14.37422000
182.15999889,1.79448800
182.19999889,-21.55827000
182.23999889,-50.31281000
182.27999889,-79.06125000
182.31999889,-100.62560000
182.35999889,-102.42620000
182.39999889,-89.84650000
182.43999889,-95.23605000
182.47999889,-88.04590000
182.51999889,-70.07660000
182.55999889,-62.89254000
182.59999889,-64.68703000
182.63999889,-61.09195000
182.67999889,-46.71774000
182.71999889,-34.13800000
182.75999889,-37.73308000
182.79999889,-43.12265000
182.83999889,-52.10730000
182.87999889,-62.89254000
182.91999889,-73.67168000
182.95999889,-75.47227000
182.99999889,-66.48762000
183.03999889,-57.50298000
183.07999889,-44.92325000
183.11999889,-28.74844000
183.15999889,-12.57363000
183.19999889,0.00000000
183.23999889,10.77914000
183.27999889,21.55827000
183.31999889,30.54292000
183.35999889,34.13800000
183.39999889,35.93859000
183.43999889,41.32816000
183.47999888,46.71774000
183.51999888,52.10730000
183.55999888,61.09195000
183.59999888,75.47227000
183.63999888,89.84650000
183.67999888,100.62560000
183.71999888,104.22070000
183.75999888,107.81580000
183.79999888,102.42620000
183.83999888,93.44157000
183.87999888,88.04590000
183.91999888,86.25141000
183.95999888,79.06125000
183.99999888,70.07660000
184.03999888,64.68703000
184.07999888,59.29746000
184.11999888,59.29746000
184.15999888,59.29746000
184.19999888,64.68703000
184.23999888,64.68703000
184.27999888,64.68703000
184.31999888,59.29746000
184.35999888,50.31281000
184.39999888,30.54292000
184.43999888,3.58897700
184.47999888,-30.54292000
184.51999888,-66.48762000
184.55999888,-116.80040000
184.59999888,-136.56420000
184.63999888,-140.15930000
184.67999888,-122.19000000
184.71999888,-107.81580000
184.75999888,-93.44157000
184.79999888,-80.86184000
184.83999888,-66.48762000
184.87999888,-57.50298000
184.91999888,-48.51222000
184.95999888,-41.32816000
184.99999888,-35.93859000
185.03999888,-37.73308000
185.07999888,-43.12265000
185.11999887,-50.31281000
185.15999887,-61.09195000
185.19999887,-64.68703000
185.23999887,-64.68703000
185.27999887,-59.29746000
185.31999887,-50.31281000
185.35999887,-37.73308000
185.39999887,-23.35887000
185.43999887,-10.77914000
185.47999887,0.00000000
185.51999887,10.77914000
185.55999887,17.96930000
185.59999887,26.95395000
185.63999887,34.13800000
185.67999887,41.32816000
185.71999887,50.31281000
185.75999887,62.89254000
185.79999887,77.26676000
185.83999887,88.04590000
185.87999887,95.23605000
185.91999887,91.64098000
185.95999887,86.25141000
185.99999887,79.06125000
186.03999887,71.87719000
186.07999887,66.48762000
186.11999887,62.89254000
186.15999887,59.29746000
186.19999887,55.70238000
186.23999887,50.31281000
186.27999887,48.51222000
186.31999887,48.51222000
186.35999887,50.31281000
186.39999887,52.10730000
186.43999887,55.70238000
186.47999887,55.70238000
186.51999887,53.90789000
186.55999887,50.31281000
186.59999887,46.71774000
186.63999887,44.92325000
186.67999887,39.52757000
186.71999887,34.13800000
186.75999886,34.13800000
186.79999886,32.34352000
186.83999886,26.95395000
186.87999886,21.55827000
186.91999886,17.96930000
186.95999886,14.37422000
186.99999886,7.18405700
187.03999886,1.79448800
187.07999886,-3.58897700
187.11999886,-7.18405700
187.15999886,-12.57363000
187.19999886,-17.96930000
187.23999886,-21.55827000
187.27999886,-23.35887000
187.31999886,-26.95395000
187.35999886,-25.15336000
187.39999886,-28.74844000
187.43999886,-26.95395000
187.47999886,-28.74844000
187.51999886,-30.54292000
187.55999886,-30.54292000
187.59999886,-28.74844000
187.63999886,-25.15336000
187.67999886,-23.35887000
187.71999886,-21.55827000
187.75999886,-19.76379000
187.79999886,-16.16870000
187.83999886,-14.37422000
187.87999886,-14.37422000
187.91999886,-14.37422000
187.95999886,-12.57363000
187.99999886,-12.57363000
188.03999886,-12.57363000
188.07999886,-10.77914000
188.11999886,-8.98464900
188.15999886,-5.38956800
188.19999886,-1.79448800
188.23999886,3.58897700
188.27999886,7.18405700
188.31999886,12.57363000
188.35999886,14.37422000
188.39999886,17.96930000
188.43999885,19.76379000
188.47999885,21.55827000
188.51999885,23.35887000
188.55999885,25.15336000
188.59999885,28.74844000
188.63999885,32.34352000
188.67999885,34.13800000
188.71999885,35.93859000
188.75999885,39.52757000
188.79999885,41.32816000
188.83999885,43.12265000
188.87999885,43.12265000
188.91999885,41.32816000
188.95999885,41.32816000
188.99999885,35.93859000
189.03999885,35.93859000
189.07999885,32.34352000
189.11999885,30.54292000
189.15999885,28.74844000
189.19999885,26.95395000
189.23999885,25.15336000
189.27999885,25.15336000
189.31999885,21.55827000
189.35999885,21.55827000
189.39999885,19.76379000
189.43999885,17.96930000
189.47999885,14.37422000
189.51999885,12.57363000
189.55999885,8.98464900
189.59999885,5.38956800
189.63999885,1.79448800
189.67999885,-1.79448800
189.71999885,-3.58897700
189.75999885,-7.18405700
189.79999885,-7.18405700
189.83999885,-10.77914000
189.87999885,-12.57363000
189.91999885,-14.37422000
189.95999885,-16.16870000
189.99999885,-14.37422000
190.03999885,-12.57363000
190.07999884,-14.37422000
190.11999884,-14.37422000
190.15999884,-10.77914000
190.19999884,-10.77914000
190.23999884,-19.76379000
190.27999884,-35.93859000
190.31999884,-43.12265000
190.35999884,-44.92325000
190.39999884,-50.31281000
190.43999884,-55.70238000
190.47999884,-50.31281000
190.51999884,-39.52757000
190.55999884,-25.15336000
190.59999884,-14.37422000
190.63999884,-5.38956800
190.67999884,0.00000000
190.71999884,0.00000000
190.75999884,3.58897700
190.79999884,7.18405700
190.83999884,5.38956800
190.87999884,5.38956800
190.91999884,7.18405700
190.95999884,10.77914000
190.99999884,12.57363000
191.03999884,12.57363000
191.07999884,12.57363000
191.11999884,14.37422000
191.15999884,14.37422000
191.19999884,17.96930000
191.23999884,17.96930000
191.27999884,16.16870000
191.31999884,16.16870000
191.35999884,16.16870000
191.39999884,14.37422000
191.43999884,14.37422000
191.47999884,14.37422000
191.51999884,17.96930000
191.55999884,21.55827000
191.59999884,26.95395000
191.63999884,30.54292000
191.67999884,32.34352000
191.71999883,34.13800000
191.75999883,35.93859000
191.79999883,32.34352000
191.83999883,28.74844000
191.87999883,21.55827000
191.91999883,19.76379000
191.95999883,16.16870000
191.99999883,14.37422000
192.03999883,12.57363000
192.07999883,10.77914000
192.11999883,10.77914000
192.15999883,7.18405700
192.19999883,5.38956800
192.23999883,3.58897700
192.27999883,-12.57363000
192.31999883,-8.98464900
192.35999883,-3.58897700
192.39999883,-7.18405700
192.43999883,-14.37422000
192.47999883,-16.16870000
192.51999883,-14.37422000
192.55999883,-8.98464900
192.59999883,-12.57363000
192.63999883,-14.37422000
192.67999883,-12.57363000
192.71999883,-14.37422000
192.75999883,-17.96930000
192.79999883,-17.96930000
192.83999883,-17.96930000
192.87999883,-21.55827000
192.91999883,-21.55827000
192.95999883,-21.55827000
192.99999883,-21.55827000
193.03999883,-23.35887000
193.07999883,-23.35887000
193.11999883,-23.35887000
193.15999883,-21.55827000
193.19999883,-21.55827000
193.23999883,-17.96930000
193.27999883,-16.16870000
193.31999883,-14.37422000
193.35999882,-14.37422000
193.39999882,-12.57363000
193.43999882,-10.77914000
193.47999882,-8.98464900
193.51999882,-7.18405700
193.55999882,-1.79448800
193.59999882,0.00000000
193.63999882,3.58897700
193.67999882,5.38956800
193.71999882,7.18405700
193.75999882,7.18405700
193.79999882,10.77914000
193.83999882,10.77914000
193.87999882,10.77914000
193.91999882,12.57363000
193.95999882,12.57363000
193.99999882,14.37422000
194.03999882,14.37422000
194.07999882,16.16870000
194.11999882,17.96930000
194.15999882,17.96930000
194.19999882,19.76379000
194.23999882,19.76379000
194.27999882,19.76379000
194.31999882,17.96930000
194.35999882,17.96930000
194.39999882,17.96930000
194.43999882,17.96930000
194.47999882,17.96930000
194.51999882,17.96930000
194.55999882,16.16870000
194.59999882,14.37422000
194.63999882,14.37422000
194.67999882,12.57363000
194.71999882,10.77914000
194.75999882,7.18405700
194.79999882,7.18405700
194.83999882,5.38956800
194.87999882,1.79448800
194.91999882,0.00000000
194.95999882,-3.58897700
194.99999881,-3.58897700
195.03999881,-7.18405700
195.07999881,-7.18405700
195.11999881,-8.98464900
195.15999881,-8.98464900
195.19999881,-10.77914000
195.23999881,-12.57363000
195.27999881,-14.37422000
195.31999881,-14.37422000
195.35999881,-16.16870000
195.39999881,-16.16870000
195.43999881,-16.16870000
195.47999881,-17.96930000
195.51999881,-16.16870000
195.55999881,-17.96930000
195.59999881,-21.55827000
195.63999881,-17.96930000
195.67999881,-16.16870000
195.71999881,-19.76379000
195.75999881,-19.76379000
195.79999881,-17.96930000
195.83999881,-16.16870000
195.87999881,-16.16870000
195.91999881,-16.16870000
195.95999881,-14.37422000
195.99999881,-14.37422000
196.03999881,-10.77914000
196.07999881,-10.77914000
196.11999881,-8.98464900
196.15999881,-7.18405700
196.19999881,-5.38956800
196.23999881,-3.58897700
196.27999881,-1.79448800
196.31999881,0.00000000
196.35999881,0.00000000
196.39999881,1.79448800
196.43999881,3.58897700
196.47999881,5.38956800
196.51999881,7.18405700
196.55999881,7.18405700
196.59999881,10.77914000
196.63999880,10.77914000
196.67999880,10.77914000
196.71999880,12.57363000
196.75999880,12.57363000
196.79999880,12.57363000
196.83999880,14.37422000
196.87999880,14.37422000
196.91999880,14.37422000
196.95999880,12.57363000
196.99999880,14.37422000
197.03999880,14.37422000
197.07999880,14.37422000
197.11999880,12.57363000
197.15999880,8.98464900
197.19999880,10.77914000
197.23999880,8.98464900
197.27999880,12.57363000
197.31999880,8.98464900
197.35999880,8.98464900
197.39999880,5.38956800
197.43999880,5.38956800
197.47999880,3.58897700
197.51999880,3.58897700
197.55999880,0.00000000
197.59999880,0.00000000
197.63999880,0.00000000
197.67999880,-3.58897700
197.71999880,-5.38956800
197.75999880,-7.18405700
197.79999880,-7.18405700
197.83999880,-8.98464900
197.87999880,-10.77914000
197.91999880,-12.57363000
197.95999880,-12.57363000
197.99999880,-14.37422000
198.03999880,-14.37422000
198.07999880,-14.37422000
198.11999880,-16.16870000
198.15999880,-16.16870000
198.19999880,-16.16870000
198.23999880,-16.16870000
198.27999879,-16.16870000
198.31999879,-16.16870000
198.35999879,-16.16870000
198.39999879,-16.16870000
198.43999879,-14.37422000
198.47999879,-14.37422000
198.51999879,-14.37422000
198.55999879,-14.37422000
198.59999879,-14.37422000
198.63999879,-12.57363000
198.67999879,-10.77914000
198.71999879,-10.77914000
198.75999879,-8.98464900
198.79999879,-7.18405700
198.83999879,-7.18405700
198.87999879,-7.18405700
198.91999879,-5.38956800
198.95999879,-3.58897700
198.99999879,-1.79448800
199.03999879,0.00000000
199.07999879,0.00000000
199.11999879,1.79448800
199.15999879,3.58897700
199.19999879,3.58897700
199.23999879,5.38956800
199.27999879,7.18405700
199.31999879,7.18405700
199.35999879,7.18405700
199.39999879,8.98464900
199.43999879,8.98464900
199.47999879,8.98464900
199.51999879,8.98464900
199.55999879,10.77914000
199.59999879,10.77914000
199.63999879,10.77914000
199.67999879,10.77914000
199.71999879,10.77914000
199.75999879,10.77914000
199.79999879,8.98464900
199.83999879,8.98464900
199.87999879,7.18405700
199.91999878,7.18405700
199.95999878,7.18405700
199.99999878,7.18405700
200.03999878,5.38956800
200.07999878,5.38956800
200.11999878,3.58897700
